all_diversities = 
[
0.13705583756345177,
0.1415525114155251,
0.125,
0.1662971175166297,
0.14222222222222222,
0.14720812182741116,
0.14,
0.13142857142857142,
0.135678391959799,
0.1457286432160804,
0.1411764705882353,
0.1511111111111111,
0.13008130081300814,
0.1377551020408163,
0.14545454545454545,
0.14204545454545456,
0.1411042944785276,
0.13736263736263737,
0.1511111111111111,
0.14507772020725387,
0.14285714285714285,
0.13768115942028986,
0.06666666666666667,
0.15302491103202848,
0.14012738853503184,
0.14507772020725387,
0.15120274914089346,
0.13966480446927373,
0.1411042944785276,
0.14516129032258066,
0.13714285714285715,
0.13756613756613756,
0.13966480446927373,
0.14516129032258066,
0.1457286432160804,
0.1368421052631579,
0.13333333333333333,
0.1407035175879397,
0.1506849315068493,
0.06666666666666667,
0.1357142857142857,
0.13664596273291926,
0.14213197969543148,
0.0625,
0.14285714285714285,
0.1509433962264151,
0.13705583756345177,
0.1461187214611872,
0.14705882352941177,
0.1461187214611872,
0.1388888888888889,
0.14351851851851852,
0.13533834586466165,
0.1411042944785276,
0.14285714285714285,
0.15807560137457044,
0.12857142857142856,
0.14012738853503184,
0.16046511627906976,
0.13793103448275862,
0.13440860215053763,
0.12658227848101267,
0.1411042944785276,
0.13496932515337423,
0.13714285714285715,
0.07407407407407407,
0.1506849315068493,
0.14782608695652175,
0.13815789473684212,
0.13966480446927373,
0.15120274914089346,
0.1380952380952381,
0.14035087719298245,
0.15404040404040403,
0.1407035175879397,
0.13978494623655913,
0.14285714285714285,
0.12857142857142856,
0.125,
0.12318840579710146,
0.12318840579710146,
0.1407035175879397,
0.1411042944785276,
0.1415525114155251,
0.13333333333333333,
0.13953488372093023,
0.140625,
0.14736842105263157,
0.11538461538461539,
0.13043478260869565,
0.14361702127659576,
0.1393939393939394,
0.14432989690721648,
0.13793103448275862,
0.13513513513513514,
0.13496932515337423,
0.1360544217687075,
0.15463917525773196,
0.15137614678899083,
0.13291139240506328
]