all_diversities = 
[
0.8351447189632393,
0.9295542739118153,
0.667013606012459,
0.5032926194457293,
0.7663920526294946,
0.7284548332672119,
0.9249906937270016,
0.7648513064776012,
0.6889750056507047,
0.5365356971011185,
0.8515273116927984,
0.6635562288376093,
0.7486676538803935,
0.832954552901156,
0.6671309210027259,
0.488945415047014,
0.8074889812821585,
0.5198072517636273,
0.6455010436847374,
0.7657173307590441,
0.9399437144861249,
0.5931819113061081,
0.7859986695502617,
0.8257285704470217,
0.6425294628350764,
0.505694767027384,
0.729732682174102,
0.8560093208793869,
0.818360976707536,
0.6148463869893551,
0.38957114049936525,
0.82825176257658,
0.8438466012405567,
0.7794960214383485,
0.42108475530530187,
0.2883154273347143,
0.49535025998725896,
0.6527142175589347,
0.6069558095156772,
0.8827762332658762,
0.7951420976082678,
0.6856609743241348,
0.665831965234237,
0.6232901608757973,
0.4556946926802754,
0.7101154590026187,
0.5004011359565486,
0.9187380267709035,
0.9266747755567383,
0.6316265856497645,
0.7427461578351855,
0.6165597998162772,
0.48726573564495806,
0.7937147528194096,
0.8024445380335746,
0.8571634290261779,
0.8504111549891591,
0.39880544438797083,
0.5297632321167466,
0.6497026267107773,
0.6977312381431962,
0.39689582481513397,
0.8786999804580158,
0.6696347212746356,
0.8210299818888156,
0.7841638167813967,
0.8792537313685942,
0.5729012317413241,
0.37065555751521156,
0.8209576272624218,
0.540538016256359,
0.5627383095606565,
0.48114470210015775,
inf,
0.9394323918403386,
0.907586577434064,
0.7951115178307014,
0.6110230554407114,
0.6148479485884331,
0.8553356619663657,
0.5498765414556617,
0.7212998201204339,
0.7114511111018061,
0.9451998482319356,
0.48114470210015775,
0.6497590189229547,
inf,
0.9178925529373365,
0.4863805932488617,
0.6346066567177836,
0.7692485549011826,
0.6630545443782815,
0.7585296782555581,
0.5206287654934272,
0.7545180106653091,
0.5641396473151445,
0.5134138297204613,
0.6108263612944252,
0.43068654988142846,
0.9426022492410882,
0.583926831407547,
0.7550027734776811,
0.8773572126830578,
0.8341008046815775,
0.48114470210015775,
inf,
0.8517329001289442,
0.4487349700010538,
0.7611944678670266,
0.6487341197596682,
0.8203347308834297,
0.6312942497104103,
0.9290645038125273,
0.7598125296569856,
0.5291077787636843,
0.47853439926393493,
0.8065408601804852,
0.743987395960474,
0.7210503076564766,
0.5292758945281799,
0.6913420247626086,
0.6334980790901185,
0.43223764317594643,
0.7456651323235034,
0.5258958716441375,
0.4250157529097745,
inf,
1.0104245917952537,
0.6041774903969764,
0.6090680756258663,
0.7384727425937752,
0.3793152372398502,
0.8266345792757152,
0.8323959202972042,
0.6270564024974661,
0.888851379556023,
0.8660072292568702,
0.7149950905192701,
0.9276709338839054,
0.7166480409228462,
inf,
0.7128738496142368,
0.8920926038714132,
0.4586265890291929,
0.8850959699430021,
0.6516446814641654,
0.7836396146448988,
0.45560104606719,
0.664651429037762,
0.9564773085541929,
0.8311579062527615,
0.6740265320111614,
0.3329758317349255,
0.555972191717872,
0.7185737533273975,
0.5140800216322897,
0.603382458197806,
0.8850819439672817,
0.8510797764250835,
0.7694778059742148,
0.8679232050301734,
1.015729324986266,
0.4164384748403549,
0.665589624373287,
0.5086849848041195,
0.7795202497165007,
0.5424410661915559,
0.8348024759729147,
0.8519858339571953,
0.7288782146530152,
0.8463241496371576,
0.807575288424641,
0.6765419678036689,
0.37847622671446746,
0.8460204232765692,
0.48114470210015775,
0.7780943274038792,
0.7925927127381023,
0.8140758652623009,
0.8369709474427456,
0.36500675301061736,
0.616101501912749,
0.7033280535684375,
0.8046540778232791,
0.7993051033447139,
0.8860467357317,
0.7710328925561906,
0.6537285569822788,
0.887658089962689,
0.5618043842628211,
0.8510408858643563,
0.685295371057577,
0.6547052696068287,
0.7105545609232878,
0.6719489231973161,
0.8916484063441515,
0.4222554851219715,
0.7566512352553686,
0.7539916249272776,
0.6431763563373566,
0.7361894063981921,
0.48114470210015775,
0.8670532819045988,
0.6056654888568418,
0.6403641164555088,
0.6115065742668986,
0.7528452637615402,
inf,
0.8348081210524462,
0.4971441314165115,
0.55659449132506,
0.6175685856075206,
0.45554919375760167,
inf,
0.771343880037725,
0.7662062184047916,
0.7735476802656949,
0.5600617117711479,
0.7595148256762082,
0.7385718892818451,
0.5341530760641653,
0.8283154613595468,
0.453221613016367,
0.5236204702155152,
0.722091608311883,
0.6345668194355248,
0.5492958871771801,
0.6933775310971542,
0.7051164899348629,
0.8544523196278776,
0.5861239232085438,
0.7448532328241417,
0.5025225352504126,
0.8684763016062497,
0.8377756192614164,
0.7227861393276697,
0.7784571832835616,
0.7802153199762688,
0.845566977105081,
0.887658089962689,
0.46444375472940347,
0.7996571711081815,
0.48114470210015775,
0.6648968939922154,
0.7491603363840508,
0.8981508344421579,
0.7778158995000124,
0.8687520089294156,
0.7313718939482916,
0.7248804853051298,
0.5073041766576767,
0.6201730179072859,
0.6253195240686964,
0.5209142446693182,
0.5525399851775468,
0.5703258139857007,
0.6562294960021973,
0.8795966573487687,
0.6975513820769811,
0.5999554553776278,
0.48828968205956347,
0.5442450468215794,
0.8221928147007755,
0.8741180246719121,
0.8683653967974289,
0.3996134426246881,
0.6225586688008642,
0.3786342483856678,
0.7385818134004076,
0.781173069493011,
0.8899221397876292,
0.9383697791973353,
0.717998845574677,
0.8782926052325345,
0.6625762883365731,
0.9346826357648501,
0.816122171178408,
0.7745389974807992,
0.6833602067752834,
0.8058787888783135,
0.9045803437787153,
0.8476281966300273,
0.7862471185412291,
0.42709711015651564,
0.5442881949712686,
0.7089597771952587,
0.862200734356374,
0.8268453058088672,
0.7221675257509445,
0.9433011764700588,
0.6455624162846804,
0.5749723452114345,
0.5287797421099962,
0.8538647222127913,
0.6728978625428632,
0.746716691257857,
0.7130150566181768,
0.6132522308215975,
0.7345397607179845,
0.727189722509566,
0.49343206042571364,
0.8049978082134555,
0.8457406422064063,
0.7054653409307866,
0.3822487779032751,
0.682333230458945,
inf,
0.7935621967790967,
0.84428718005984,
0.8326530827427261,
0.9168003555294985,
0.4596511645874287,
0.6974652823105396,
0.5124472545768456,
0.8837888221347577,
inf,
0.38204691352307796,
0.6175836812394261,
0.7213716040001392,
0.8191077285432503,
0.8333529745862988,
0.8195934315507939,
0.5750439746591659,
0.9339611695483299,
0.41994505075266503,
0.8730592902229435,
0.7709933108214249,
0.9698887932124655,
0.7957126518740509,
0.42835614661878246,
0.6183195391113421,
0.8130115601639691,
0.4719266327759811,
0.6320456671640337,
0.579997126733694,
0.7088287146837505,
0.6392990014982922,
0.4107641228078957,
0.8084481386743668,
0.4333171776076172,
0.614924534426481,
0.5580081144899252,
0.6459247997508513,
0.7933639716803,
0.7794092716260773,
0.8147941221857916,
0.48061874026527407,
0.6557480874446933,
0.7798208900482176,
0.4347356913100898,
0.6861360155803171,
0.7490824753810366,
0.9805541734952362,
0.9381485359428227,
inf,
0.5311924432805181,
0.7641743932065477,
0.7641738379411159,
0.9140711536150056,
0.6830859144732716,
0.7794428821392935,
0.5471464986018046,
0.5221897801070213,
0.8348547686128148,
0.5759722075318098,
0.7167476788011291,
0.6425294628350764,
0.6609485177725554,
0.6422661593266367,
0.8184714637069099,
0.5309141781991953,
0.6064684125759751,
0.6513169957942961,
0.8723889942456108,
0.8465676606550366,
0.7947028126406551,
0.8650617414938335,
0.5055838320971942,
0.39044641853342055,
0.5330209143939614,
0.9305086863904591,
0.44088706753664475,
0.6580081731230224,
0.872662679247148,
0.6366428635105491,
0.8579417518365297,
0.748900377470872,
0.5875063299379797,
0.7258355081483125,
0.5132991784777418,
0.7946027310188928,
0.6298667837171433,
0.6043518113365174,
0.8510575009055158,
0.6870887496400917,
0.8349879907337187,
0.4536268001555036,
0.8803208083764543,
0.7987088671753078,
0.8125286491988994,
0.5126078909298907,
0.6418845104384537,
0.9550382048464432,
0.6612759363185078,
0.6474167723162407,
0.8411594123803532,
0.6802544882829151,
0.5407123558213078,
0.5536272981210354,
0.5684516623573302,
1.020170355629754,
0.8353188344578661,
0.7298326828951645,
0.7950297443182828,
0.7875895941806341,
0.27229339619505405,
0.6262971381513278,
0.8660615081089096,
0.5413831477336435,
0.36371234009975906,
0.5971200898245139,
0.9206958140692241,
0.8674292764032553,
0.9438770712330045,
0.9645012732382834,
0.7379243022622289,
0.9985878146022432,
0.7372954474669107,
0.6476813577249527,
0.7764765863319727,
0.7847065851664654,
0.8070866195276856,
0.6709717237066918,
0.7210416614217214,
0.6639891454845667,
0.5959963030307547,
0.7681907200123618,
0.37320851567267527,
0.6940845163915428,
0.6323307911234741,
0.3181738087230569,
0.6562294960021973,
0.8936453752732408,
0.9393845121973712,
0.5209843267993648,
0.6562294960021973,
0.7905415932226807,
0.7951115178307014,
0.9218983443021587,
inf,
0.7784264611099995,
0.8956289106003128,
0.8434247432148186,
0.5920475128133893,
0.8802929887082337,
0.672597056385305,
0.8417494397093066,
0.3862027808567304,
0.7354003576415419,
0.8434022767830472,
0.5111145930633546,
0.8305246142175068,
0.2909115443589091,
0.6220554940273962,
0.7226059152804464,
0.9402684258668464,
0.8072870513622383,
0.7650173205718489,
0.7367368236275441,
0.937428374924375,
0.6040733849990071,
0.7521978560927107,
0.8682463724351787,
0.3463252780412024,
0.9201796201063581,
0.7607397533819377,
0.7223237710581009,
0.9221310886329288,
0.48114470210015775,
0.8883973969482427,
0.5900781306387333,
0.2179974576705694,
0.5766509563137865,
inf,
0.8949028058175859,
0.6365103190387368,
0.868198183318797,
0.774885768817234,
0.3150211695995331,
0.7281631049886524,
0.6458623507115351,
0.63909175397197,
0.7119703768008507,
0.8826557683740736,
0.7509344580697307,
0.6792090134019,
0.72254557721591,
0.7346858388834738,
0.6433887582621277,
0.6433427768611313,
0.861089734888277,
0.7532709883718913,
0.6412592103459348,
0.7453959025225656,
0.861214617774357,
0.903904785959374,
0.7927987761216462,
0.6238284080183841,
0.9180596753591611,
0.8116922002627022,
0.7622828089197874,
0.7349701458088874,
0.8595157568656648,
0.42593687975531813,
0.7742422089066117,
0.9358884892664551,
0.8477670226591456,
0.5555907328607445,
0.8355746459798481,
1.1125481168071032,
0.8975919891137563,
0.633402504963509,
0.8726354856801501,
0.6930590942691369,
0.9353932236125946,
0.7418953101354986,
0.4010554477664412,
0.8656002086767942,
0.8388009922787287,
0.836244059647178,
0.6564156740811915,
0.7724446513441968,
0.729620823131029,
0.5939979422707974,
0.7118351079622856,
0.9054901552092365,
0.7138490384507179,
0.8519800189501586,
0.9394411561215118,
0.35655980032284446,
0.7969443358501146,
0.9300229053776998,
0.7656864631828386,
0.8013746409592786,
inf,
0.8496024116050684,
0.689481179643631,
0.6009314695648849,
0.5344986747210324,
0.8823068940626833,
0.8886776408955703,
1.0053626648762226,
0.5906608371503353,
0.8107125314678963,
0.4320097573736353,
0.5872151688046346,
0.7307361730868817,
0.7882181080025105,
0.7759321829865932,
0.7420055891777874,
0.6341279947632552,
0.6913954194236398,
0.6341240230440794,
0.7016314950663716,
0.7095974250248969,
0.728662416930691,
0.869285526192952,
0.35057532787323,
0.9022343623106093,
0.6359208311600253,
0.8257994511099386,
0.7497769691118003,
0.30887384896159176,
0.31675802396096686,
0.762742734283925,
0.8562103768943515,
0.5376558216755665,
0.8540993989125111,
0.5286884822953126,
0.5328696043435004,
0.7399579858475784,
0.3599214198745513,
0.6374853086605669,
inf,
0.7441894457734688,
0.6212337670354112,
0.6663246315231399,
0.6056624935425314,
0.5758287397990227,
0.8262732029910939,
0.6275533535056114,
0.5918847713981756,
0.48114470210015775,
inf,
0.9095583327638701,
0.7566325786283254,
0.5087191728312291,
0.49904190973585144,
0.9265669297401538,
inf,
0.4150026671495229,
0.658555909679331,
0.8736807247857703,
0.6210178866344279,
0.44002703814808247,
inf,
0.8938078358722944,
0.9089262435191762,
0.6663551324908433,
inf,
0.9609861879872085,
0.5669734494245946,
0.7185761785311808,
0.9655402179825286,
0.5729872575553506,
0.5094520837674584,
0.853832497128272,
0.796764275161126,
0.6339181343566067,
0.6936882262751818,
0.5153014170009613,
0.8279028959243272,
0.702402234711349,
0.8666346491506484,
0.6573534384597821,
0.7519749328264526,
0.8374803521452666,
0.5606285382020675,
0.7068707468642376,
0.9716724581388761,
0.7528296538225452,
0.7776853706286949,
0.47618140179533275,
0.6641228515743334,
0.8414814521524291,
0.8231816450059697,
0.6702834801555886,
0.9332426029636886,
0.5201342925181297,
0.8570480779750839,
0.2429349066987348,
0.7047866904860596,
0.7257051089092046,
0.862372317698317,
0.750626986480668,
0.3337070985433112,
0.7626376599535799,
0.6975970650786849,
0.6746862310697332,
0.36630885584267026,
0.9565255520132128,
0.48114470210015775,
0.7168039466248564,
0.8674828601453437,
0.5926699607722165,
0.5245787586292011,
0.6514048684621729,
0.530853103300929,
0.8508487989968114,
0.7788511735256196,
0.865110352241454,
0.7824094911402704,
0.44954975018006565,
0.9216121940668638,
0.7723282509498469,
0.7364878617577034,
0.7479852437973022,
1.0711530447006226,
0.6208470188967103,
0.6204634029447196,
0.8676320830694894,
0.6003939816520891,
0.8716228152965523,
0.898372756363034,
0.6161746419006006,
0.6007304048568728,
0.8249106891312344,
0.8412355101297341,
0.7293970581129751,
0.8995586568767007,
0.7353572904787342,
0.7507670514419956,
0.46684687615854575,
0.6344181242979992,
0.7652367084758274,
0.7385686427735063,
0.8325879278439191,
0.6831088759020021,
0.8166898612128417,
0.8092073274598435,
0.8731616009819861,
0.6739543299620893,
0.4467502852872662,
0.7854231004645824,
0.6360565058343887,
0.6214883549818419,
0.9044186628485379,
0.7684334431069672,
0.6609959032715478,
0.5088463300383832,
0.6990926103077999,
0.6345454334974202,
0.8168541340861348,
0.6799779314000606,
0.7271476286747933,
0.7120374165623903,
0.7419176520023942,
0.962501934537053,
0.8510603860994964,
0.5436809575116899,
0.7768563533824608,
0.48114470210015775,
0.9346150341370888,
0.4219654924000025,
0.7910161644376543,
0.7495425439497432,
0.7513740238278859,
0.7626064489609335,
0.9150259918557208,
0.8037017127822476,
0.6333683639331422,
0.4981806491546631,
0.8486060992664247,
0.7469012350606173,
0.7109711201299667,
0.424049030622449,
0.5091957165101527,
0.7370363029289245,
0.8105290166400877,
0.46546049379743637,
0.6980437777766219,
0.6675047799583572,
0.47152107720780373,
0.8662575340527251,
0.7516720741743229,
0.7990173221627545,
0.5031859090799451,
0.8226529463485803,
0.6547252191264251,
0.7728976542006838,
0.8282016977622428,
0.8666346491506484,
0.8326506696153716,
0.7348621351091165,
0.9511038943123937,
0.8951073942377188,
0.7461462236984469,
0.6561893867173297,
0.5074375986823797,
0.7297801269470333,
0.6605580194828714,
0.8638995177763499,
0.6641320713773369,
0.7455461457776399,
0.7009866388621272,
0.5347674468537121,
0.4743351166627407,
0.9190135584082436,
0.7337556874875969,
0.6484406516146294,
0.9882819324552553,
0.7784132700365523,
0.7101943031003585,
0.6156533614705879,
0.5282603183133577,
0.8699975609429768,
0.728990655234019,
0.6962604204158458,
0.5938685119992032,
0.8899936852500276,
0.8527906123749525,
0.7509016569196967,
0.5376061773627997,
0.4844021290834844,
0.4185874940169808,
0.5093858774383206,
0.6587623522955919,
0.6823369662235111,
0.6855635809892894,
0.5819015128550346,
0.9021799058899989,
0.9124560131940612,
0.5405911071624756,
0.7925236213288837,
0.5807531611531759,
0.7107088170302933,
0.7194118030869813,
0.692897883033957,
0.75987696977216,
0.776955969341398,
0.7067741655883382,
0.9436828559024413,
0.753644916252625,
0.7382190684367856,
0.7354358523379514,
0.8146259352269751,
0.7222941519441463,
0.6275002842310968,
0.8470491358074187,
0.5124249727761906,
0.6862465943927564,
0.5503396150196137,
0.6712469558152896,
0.55927274994474,
0.6816253590268533,
0.4880116091620687,
0.8127254975528266,
0.7912782780651726,
0.8246850245115637,
0.8289589058793483,
0.42301124145066354,
0.5737612648953937,
0.5882234967952321,
0.5917629712265728,
0.5767422469012141,
0.3947350171175622,
0.8157581096021517,
0.5816231505882793,
0.5352718831615497,
0.8753661165493197,
0.9192034427420286,
0.8112022956202342,
0.6390468586396322,
0.9764961874162852,
0.9035216476419136,
0.37847622671446746,
0.6562294960021973,
0.7778489122667454,
0.5407889997077853,
0.6935098720157211,
0.8512634250075358,
0.819812657185948,
0.8443437481732102,
0.792193853678933,
0.7936920691371467,
0.6543349025271656,
0.8206057525046903,
0.8034911500394889,
0.6117628616410782,
0.8491029386633352,
0.5891095293606761,
0.6127426411271095,
0.7380441595878904,
0.7510774334577337,
0.7161118001963747,
inf,
0.8336078142888482,
0.698632227586391,
0.5972705065846751,
0.7823227006736353,
0.6669246022834431,
0.6322226492833793,
inf,
0.9635492615263603,
0.19102402983248234,
0.8490710568125854,
0.6774160689008236,
0.6459847188041061,
0.41994505075266503,
0.8072117800661635,
0.7408541503412932,
0.7020249993822518,
0.6632381673250826,
0.6992796727456846,
0.9591437169938065,
0.8189322725724698,
0.7226412593897991,
0.8106007698226345,
0.6562294960021973,
0.6968079435946941,
0.7956859878039323,
0.586949903939732,
0.8900962631869644,
0.5178360488739735,
0.8565761292460738,
1.166978091020882,
0.5870151072635118,
0.784585393185109,
0.7851670647555901,
0.7164350515902043,
0.737583125835117,
0.6552615998803667,
1.1455633640289307,
0.8203111840152689,
0.7798180883981198,
0.3127595048904419,
0.730197401920849,
0.7082815170288086,
0.44453445660782037,
0.7382899296030089,
0.6313124237353852,
1.0019724091330402,
inf,
inf,
0.5659214723133958,
0.6388281473325482,
0.6759131341167154,
0.5901691692522071,
0.3463252780412024,
0.6298371593207717,
0.5510155211964654,
0.9003656010483702,
0.6204145171508193,
0.6552783941983938,
0.6310691021080989,
0.7776373873803835,
1.0353207852213206,
0.7164712211122829,
0.8351487447032003,
0.6844605472729992,
0.8196317907261045,
0.6899839424586512,
0.6972113644669607,
0.6114576967875957,
0.6820290330647298,
0.7282653619643568,
0.9373817227917314,
0.6868643827110053,
0.8059667551352023,
0.6562294960021973,
0.8351487447032003,
0.550633735526383,
0.569768262343894,
0.8364891843294097,
0.5736349083742353,
0.6157734704550932,
0.371069481987977,
0.8648328014228573,
0.7218256849920331,
0.7841247847314833,
0.424049030622449,
0.6981454597821236,
0.8353188344578661,
0.5321524254881889,
0.7680725349070787,
0.5837742342058444,
0.6642556557089232,
0.9154078636392322,
0.5834304240216419,
0.684370752917562,
0.7770582712040411,
0.7831358255981508,
0.7527393181806686,
0.4243171705948812,
0.8663648526568805,
0.7729885080706533,
0.8455836537133182,
inf,
0.8609096655132878,
0.7504563727605342,
0.672260137192288,
0.7154638798255887,
0.47853737883372305,
0.8649295930739014,
0.7089672876757672,
0.7599954442361353,
0.5940661945024127,
0.8334846302095815,
0.845529680605663,
0.7269941863584043,
0.48192194657082593,
0.7271392423263314,
0.8463153072704761,
0.3349576422792141,
0.41246878518353647,
0.7633099713716521,
0.6562294960021973,
0.6995964310456663,
0.9402194495196645,
0.9661857077724338,
0.6527771055623591,
0.5954282969429029,
0.6375369315277707,
0.946261116666618,
0.8292031459486495,
0.9340023916818944,
0.5546762250616561,
0.802242276501069,
0.8401047662586951,
0.6580111494463697,
0.628696231814295,
0.639588620522377,
0.7775352297130764,
0.504723619867907,
0.9509420391254314,
0.8015311444892381,
0.7898658655082402,
0.4637828006358147,
0.5971301328843758,
1.1125481168071032,
0.8578018240069989,
0.6890399879527872,
0.5014180439414747,
0.5206461378495811,
0.44894406137891785,
0.6522747570272706,
0.47112381377094237,
0.8820554960089901,
1.0088992483246038,
0.6489575872742458,
0.6980140151738553,
0.7671993485545205,
0.651383929594528,
0.6663264321303416,
0.7201447400273722,
0.7357135772190839,
0.47977653905167517,
0.8250792092383069,
0.8919174615663867,
0.7353436340385568,
0.5795947356992514,
0.9049499336469843,
0.882852315861312,
0.5504589826984966,
0.8776067653068681,
0.41994505075266503,
0.7506937893999049,
0.48631406956481193,
0.8219645267474376,
0.717603980308609,
0.664359388289279,
0.9346549006951601,
0.849083480723303,
0.5891604297104757,
0.8888601097917679,
0.8598693621752285,
0.8293374467775407,
0.6179777175295217,
0.5448406615976754,
0.7568021199413536,
0.8380421212315141,
0.7319486249232021,
0.6681080800039836,
0.8457252878829453,
0.8826245374346978,
0.49343206042571364,
0.7084456419257603,
0.8236735287614446,
0.46766164571523666,
0.8284825443480369,
0.7719274016483387,
0.5174845464227713,
0.5970710628387426,
0.8733138248525828,
0.7417817846671196,
0.8676016523303067,
0.8678015018194882,
0.8082489269417675,
0.8720511249158873,
0.5157686367529998,
0.5543010708487663,
0.26673546885309224,
0.568311167405826,
0.8402703444481902,
0.7838595499997791,
0.7476005547916412,
0.8794203348511545,
0.8472786074000938,
0.8026172615470046,
0.8240790290718768,
0.7313412864995383,
0.731705541659397,
0.9127855700322032,
0.8183488667776716,
0.8082721113524456,
0.6134565663900172,
0.7032316017727687,
0.689159305111885,
0.5243914173314571,
0.8610130337226569,
0.6030553525393614,
0.6155649928129432,
0.8532851215142301,
0.37835630216957605,
0.7601694306348827,
0.9801402500793817,
0.7371718011172864,
0.6172887866386685,
0.7829352566636503,
0.753644916252625,
0.7518417718269296,
0.7155978312652216,
inf,
1.1004284740080983,
0.5619414414508344,
0.6986507159880869,
0.6512840832053721,
0.6289379572752782,
0.6562294960021973,
0.8970025513605149,
0.9768079249991745,
0.8477485356060773,
0.48334814118311403,
0.6574985313938805,
0.7274497503275736,
0.48114470210015775,
0.810725634503128,
0.48058628573542833,
0.8324797988965575,
0.5206461378495811,
0.5818228141799183,
0.4938076865654201,
0.6421267206579765,
0.8656926564048002,
0.8469767560618178,
0.8523215583105229,
0.8497329250194258,
1.079629345466921,
0.5392461115539546,
0.7507216558391435,
0.8389802666674616,
0.8398462759218337,
0.7637488118683678,
0.8241471713139968,
0.5736417856890436,
0.8681662308719132,
0.4204525539316177,
0.6631176113251824,
0.9054901552092365,
0.779145318945989,
0.6222448599311023,
0.9789089882906913,
0.546696691203939,
0.17337370867077603,
0.8175498031814652,
0.9082334492602816,
0.5789177432964762,
0.87229270731588,
0.6713098090706239,
0.8412410287094324,
0.5599867740269185,
0.820187433247544,
0.711171924439898,
inf,
0.6205283028920352,
0.9892155668515563,
0.90025007557682,
0.5201136608966725,
0.6409900043373741,
0.7975955004911192,
0.7378069126919656,
0.7408087847047738,
0.7397864471020388,
0.8095473065543775,
0.6852537304779167,
0.5100269195038318,
0.6991279716160297,
0.6435887224380024,
0.7443156111142188,
0.9486947646235884,
0.777309218266666,
0.6663551324908433,
inf,
0.7710325304695725,
0.6001464492284033,
0.5830523711913256,
0.48666927077238803,
inf,
0.557324100208971,
0.8189765851705547,
0.6191065985450573,
0.7140107910462126,
0.7838595499997797,
0.8386553212404997,
0.7521734151952009,
0.7503304776263237,
0.806057877443938,
0.8538744123856612,
inf,
0.7664107754765511,
0.7775790776874084,
inf,
0.821213953672032,
0.29686916171771105,
0.8032191087056064,
0.6087674472886563,
0.9317685486102228,
0.5664129764239396,
0.6512110086912076,
0.6755523085594177,
0.6889254157387917,
0.6035021488297669,
0.7098297156589803,
0.8891617188576862,
0.6812334032177711,
0.9496443158812174,
0.5758311439911842,
0.7423258605001555,
0.34687181046351323,
0.8510715493372488,
0.8220077820665894,
0.8688505568282149,
0.20163233958802335,
0.4644313382718086,
0.6414123667587756,
0.445935081293901,
0.9522150038329783,
0.9117717788593273,
0.8410248154189942,
0.8141568903664569,
0.8194677727858302,
0.7398549974846824,
0.7643252210607185,
0.8749399177987817,
0.48114470210015775,
0.7511548025349991,
0.3428802711050437,
0.6379255452749253,
0.6011601603973995,
0.6004620950761829,
0.9206602785035112,
0.8862614595708432,
0.8089717713192971,
0.2884483446138203,
0.7805710261729453,
0.7330491294743451,
0.7082308746475532,
0.5943130020436818,
0.4106444840132509,
0.6522747570272706,
0.740665989936896,
0.875697476520616,
0.7761993791795266,
0.469327669711139,
0.9417976935197813,
0.7555313648893283,
0.6796005835552693,
0.8496570549219656,
inf,
0.777046188612688,
0.6429013702003972,
0.5626601625290066,
0.658154437189448,
0.7941308695783769,
0.6858577437263403,
0.6101422828381956,
0.6316214120606836,
0.5859158160610867,
0.39779469655365146,
0.8842979566907823,
0.5025388535659313,
0.5324968862558345,
0.5762403482397258,
0.5339831156406942,
0.4399789300379097,
0.8448957184525999,
0.8090014459734983,
0.6701750559073091,
0.5854124275753498,
0.6657532109558284,
0.5420364937519373,
0.8593181920650776,
0.8097720134298584,
0.5432165450984169,
0.6187442290968918,
0.7331833900039673,
0.8474679885905078,
0.7280111057801482,
0.6360608270325706,
0.7373532368788989,
0.7778475385823688,
0.723556168439877,
inf,
0.9024446871367439,
0.30262542258724573,
0.7202958166712854,
0.8183054913500645,
0.7142245995769162,
0.6330410615001876,
0.8422804310359221,
0.8691488573082887,
0.5950428840963542,
0.5762403482397258,
0.7398273165863851,
0.7224159025497436,
0.48114470210015775,
0.7588173304418032,
0.5637907026388559,
0.7288413359066844,
0.7405149390335376,
0.8203719480064614,
0.6562294960021973,
0.8692053920377882,
0.44894406137891785,
0.847253109330906,
0.8379711835067509,
0.8942623799536041,
0.7131953752412167,
0.693772296927452,
0.7607312060824633,
0.8851483467632624,
0.7292246704839169,
0.7471405088590085,
0.7711186136258453,
0.8720158399502521,
0.7929563200006484,
inf,
0.8134862529550159,
0.8595741319845267,
0.777731797517395,
0.8379408501667299,
0.9335863342935122,
0.6424493551380173,
0.6900169849488235,
0.6106169707327272,
0.7288082871226583,
0.7607705314192981,
0.8517196535308258,
0.8685055665824846,
0.7323688567339539,
0.424049030622449,
0.7230666110293534,
0.7048663715655884,
0.6344577619176237,
0.8875827582168184,
0.7540070822688936,
0.53158812147579,
0.8988596800662996,
0.5914900214607823,
0.8190079305182283,
0.7946027310188928,
0.7401805724367141,
0.4711071864350479,
0.30655622295843565,
0.8401745544667784,
0.5939956235618982,
0.596333210383711,
0.9283713181926164,
0.8442055018611334,
0.7513213661245864,
0.5013710660711903,
0.7488419064874745,
0.792310394285209,
0.8403514363999962,
0.6218718498234532,
0.918633669726491,
0.574040407754763,
0.4003938447626333,
0.6454790473627432,
0.6562294960021973,
0.9975128843146507,
0.29902492698204297,
0.9798603321254857,
0.727537067338184,
0.8074071753141951,
0.4849004887076311,
0.911117178496432,
0.8628565711002569,
0.8124053547192672,
0.6330891278772242,
0.7620500352488161,
0.79821585877515,
0.608138754401207,
0.48114470210015775,
0.7297681555745881,
0.5716671615413672,
0.4991365012137818,
0.841683973996467,
0.793408859876505,
0.6727783058384169,
0.9059485203697785,
0.48186165123936886,
0.7232979186747165,
0.6806765890926529,
0.9048430849348832,
0.5300210154656858,
0.7717736269651259,
0.5187970039271944,
0.6009930032727636,
0.2884483446138203,
0.8853495551195787,
0.828306132982613,
0.44458694578520735,
0.6217822688963494,
0.6464317083671541,
0.42108475530530187,
0.6261035290565573,
0.4023199393127398,
0.6343644229055535,
0.7493018886569502,
0.7547729922431454,
0.6792016489576399,
0.7953860808048784,
0.5391841850684825,
0.7671759189429135,
0.745589711929689,
0.8351115630897881,
0.3044990775201567,
0.33923426467194806,
0.349282874941042,
0.6843624483618396,
0.808343652004487,
0.8007562548648471,
0.5433884320809096,
0.7944949628247826,
0.6562294960021973,
0.82079826474848,
0.3159981120343208,
0.9143718796945774,
0.6238458883763532,
0.6962604324696982,
0.359968947962926,
0.7089157800652789,
0.9735285636977309,
0.59739142154634,
0.5203587974427888,
0.8642749675438007,
0.5053722892820836,
0.4776458369293081,
0.6105007853253355,
0.424049030622449,
0.9080145320888042,
0.9660966386625401,
0.8548172149976373,
0.6949750791642666,
0.9730990640313577,
0.6489198222196579,
0.8074814616316169,
0.9161319896941463,
0.6564417554868457,
0.8455429020901866,
0.7621629228019712,
0.5171931520593166,
inf,
1.021045540378096,
0.605078887331128,
0.6302989568088292,
0.642414140858833,
0.8084481386743668,
0.635743635349059,
0.7153682954348564,
0.724869331415856,
0.6914386770536589,
0.8581012866348096,
0.4083229617071152,
0.5093933518087864,
0.6060520628829676,
0.8993289470672607,
0.9373817227917314,
0.9246297478675841,
inf,
0.7702468537114431,
0.7524961226086079,
0.5139126561831237,
0.8952883455117446,
0.6256263246878101,
0.3422087227747456,
0.5604160566018546,
0.8093441185778703,
0.7156244685779636,
0.8355780444351623,
0.6024642340702491,
0.5640194435332717,
0.7896556147560174,
0.8593750858914435,
0.6027795321068103,
0.7939891049318737,
inf,
0.675201992118299,
0.623593476180911,
0.629080611265885,
0.8534373373856747,
0.6532563679036153,
0.7360573002579212,
0.4083229617071152,
0.8556440262857428,
0.6625689082316004,
0.6700041163244836,
0.6566212603265207,
0.8608254448988079,
0.6059663964431189,
0.6674248254468916,
0.7055100478585958,
0.9549501738839162,
0.4204533438196729,
0.8140255123108963,
0.501286329475348,
0.6923292553113015,
0.3683031649476165,
0.6424248738714038,
0.7825903096315264,
0.7558231121892519,
0.7264855272428506,
0.8507861441317233,
0.48114470210015775,
inf,
0.8810759237445106,
0.41704141768891795,
0.5899599779606398,
0.648562832016635,
0.9518903028147125,
0.6434533214450601,
0.8210459267533053,
0.705260429622134,
0.8994144794700412,
0.736002785422352,
0.8901693546961261,
0.5554681921675801,
0.633402504963509,
0.7660024934356863,
0.8445817696781476,
0.38279027880693045,
0.48511630943901196,
0.6640093656000138,
0.8455604140088624,
0.5807643730981165,
0.8445189181579906,
0.4197507304057779,
0.7485335514462232,
0.5208936366569308,
0.6605968666556478,
0.6720795848668789,
0.3644796283750791,
0.6663460839325813,
0.6689778111823613,
0.9398362334640384,
0.7393781798059375,
0.8327304268368755,
0.8711046282858095,
0.44916335528719425,
0.44916335528719425,
0.9182288066373804,
0.4320097573736353,
0.8929816293406492,
0.8883307040588978,
0.7659864815224847,
1.0008205604488376,
0.5923517985200943,
0.4352066786059289,
0.7968717361806138,
0.7930851054280037,
0.7361098947657806,
0.6514583634828368,
0.5115190052053752,
0.5948033630261143,
0.901636706205004,
0.6989370659923553,
0.9295840608080546,
0.9037394350468594,
0.8642040461852549,
0.6726908005625941,
0.5364191955607933,
0.48726403891204,
0.5453903006805455,
0.2545479609992504,
0.6375170491345615,
0.4785514460956875,
0.760683421827507,
0.7301580014155802,
0.48114470210015775,
0.7879303903331459,
0.6156010052548179,
0.7426599580781676,
0.3797335102363087,
0.5158123604225635,
0.7851965428096067,
0.8622356942065715,
0.22985099110406637,
0.7963404636127376,
0.5012352816680908,
0.7980210616668805,
0.5961796462957756,
0.5465313824900687,
0.7768590443079911,
0.5497314324345745,
0.5920111041933066,
0.9173898782602828,
0.8283971302580474,
0.683612256625927,
0.7009684368985755,
0.5819693927021579,
0.7682669603262695,
0.7955884861790226,
0.7300476047225746,
0.8267524062172276,
0.7438376022769811,
0.8066098350301981,
0.6882415419815604,
0.7026299177195132,
0.46926050434905275,
0.5080995684946775,
0.566396320452477,
0.9156443417116054,
0.7784524652760326,
0.6379164143413478,
0.7003204229441942,
0.8879422092227612,
0.7301731808446705,
0.6752387608905659,
0.9121502342415999,
0.48898440106477736,
0.6202249159113452,
0.7492879701023881,
0.6977312381431962,
0.5475526842484475,
0.7095115860699014,
0.7947785710854747,
0.9048609384495698,
0.55659449132506,
0.5717586404406699,
0.8555518989146949,
0.6226150341133826,
0.4992474977544837,
0.5649177499940395,
0.6357993380778967,
0.9756820308565208,
0.7685321311472187,
0.7018366686876296,
0.855839943224799,
0.5683665374838922,
0.8766373826050169,
0.6055313150148631,
0.581082958911119,
0.7418356639278,
0.44026464400127174,
0.48970942087419034,
0.7831820205249814,
0.772374420570352,
0.711833505226561,
0.7100746152026667,
0.8458599244275637,
0.535235463395402,
0.73643728111279,
0.5441995906547092,
0.6849917082132996,
0.7147491607984519,
0.46225307688527106,
0.8998098135044024,
0.788709562025921,
0.6216869246480813,
0.6598121943004802,
0.7196529194574052,
0.6425895335920216,
0.7972063837227948,
0.5905190451622286,
0.5964508299636404,
0.8884094094810406,
0.6870523618861801,
0.4816913927435503,
0.8249716231700857,
0.8200042337838771,
0.8129410427016485,
0.7429904448730728,
0.4471201983704135,
0.759535207939803,
0.6309176770620255,
0.6030774327034317,
0.6073519787541576,
0.8141696811601886,
0.773108282696755,
0.6615703438947493,
0.7664417855483758,
0.8149052500314375,
0.9767007979563481,
0.584753500302294,
0.5271364280754758,
0.29070163689440304,
0.9502273174551384,
0.8536293544365923,
0.6772819971340337,
0.7246779413864678,
0.24553069961252214,
0.7122006971447205,
0.763154404532285,
0.4694193817094762,
0.7037634014883203,
0.40609380501181164,
0.8402795752206232,
0.9221165150992423,
0.7752715936986174,
0.8786860043389456,
0.7593068569966556,
0.48114470210015775,
0.8519475065399905,
0.7350366835621885,
0.934839526500152,
0.6995430814960018,
0.8362077059679486,
0.5856661564401875,
0.8464803572237894,
0.528972758407563,
0.784198531333413,
0.4554469773214162,
0.6569520999964633,
0.9189958830966913,
0.5482212756011916,
0.5323135869918586,
0.8155321588895885,
0.5845632454934104,
0.7674646678127646,
0.900508855428009,
0.9560387603881422,
0.5867383553986573,
0.6586873772501212,
0.5632336995561091,
0.8403199191031456,
0.7765755608837668,
0.8196421705709958,
0.6419180445308685,
0.9027001527128561,
0.8130374668153881,
0.9671380170116399,
0.5797541336263267,
0.7716853707126676,
0.7686270063981414,
0.8746307970071425,
0.4082649126372038,
0.6922391660421893,
0.7497097260515814,
0.6759960174523161,
0.7372458210085728,
0.49810783313147783,
0.5640668613651202,
0.7637671451270819,
0.8327326666840031,
0.4333171776076172,
0.6075579301705616,
0.7032270396430016,
0.3642080481566833,
0.7416297699478148,
0.8972284977455521,
0.8366737392894652,
0.6195738427540948,
0.7517091004005736,
0.7797624294772473,
0.6941496122196863,
inf,
0.6893811225891113,
0.3828486554096343,
0.6475574382857681,
1.0062472028554728,
0.7363277402532578,
0.6716956497194378,
0.41644821823389166,
0.8373373499750516,
0.7938106821551449,
0.8109585639666939,
0.8663102487505207,
0.4385431027936515,
0.6286322789649378,
0.5613539413729927,
0.8913110867035389,
0.8869166399700942,
0.652786812263902,
0.6270060523897601,
0.6266616203077721,
0.6753110741700806,
0.6342465697750416,
0.580312903795433,
0.9182209841556347,
0.7527009046639382,
0.7285635014590622,
0.6323853453244638,
0.7814657774019391,
0.6331827226692076,
0.8475591151123377,
0.6857364679784986,
0.5805640716998234,
0.786515903018324,
0.40294514165496825,
0.5338104555986206,
0.7924323008026508,
0.8963017358673387,
0.5455775039215949,
0.733821013304484,
0.2988130845537186,
0.6763596008203532,
0.543007318379368,
inf,
0.24254710323661566,
0.5671810260841528,
0.7248463010926247,
0.8119855473376946,
0.47261206578363485,
0.650821527094066,
0.23556095782076228,
0.7502487459808677,
0.8346247046153807,
0.7716932562757284,
0.7725119279085487,
0.6094133498783103,
0.7640007453690052,
0.8139379760716917,
0.7569134007551064,
0.5363752215457868,
0.5654990079774858,
0.8589028102975593,
0.5121005178272169,
0.8526013640844119,
0.7861695573127788,
0.7514124129955291,
0.5740911108179281,
0.6560809481434432,
0.40593662735687974,
0.6463707607408977,
0.6512349166901944,
0.4520845209880326,
0.41994505075266503,
0.7472897284556435,
0.6076257877735337,
0.7113103248911218,
0.7137033847983324,
0.6163668994190603,
0.5248561611941545,
0.7410484359162273,
0.6368552066946419,
0.8202258235392719,
0.6488276843762398,
0.5079819273427606,
0.479114827799201,
0.624338278000012,
0.8333247336730919,
0.29225329745328427,
0.8895294912571438,
0.746082661173276,
0.6785128334579468,
0.5848535947232545,
0.62955717204594,
0.8221587244855129,
0.6177508854691982,
0.8497033407824793,
0.7562698081770982,
0.5176076597181442,
0.4515638252456665,
0.5055838320971942,
0.8497492747371712,
0.5912669171104685,
0.7298326828951645,
0.7809421355221332,
0.532626446063866,
0.7242859375650698,
0.5529298219490251,
0.6229311547902734,
0.6280767746711732,
0.4695465901733701,
0.5736298033243286,
0.48114470210015775,
0.9004902371896821,
0.875834862921352,
0.4409204782311797,
0.8241178448937526,
0.8183408693545977,
0.7108376448569065,
0.7461388249301065,
0.6202671935084945,
0.8261719449122251,
0.6640093656000138,
0.6532666544695294,
0.7519440691848814,
0.48578312550889,
0.8913825043115404,
0.6724613788034778,
0.7501134625175359,
0.8493701132902852,
0.6354867496120262,
0.46020251542878715,
0.8579768333733654,
0.772584490594729,
0.7900176944758477,
0.514579883412223,
0.4768303256866974,
0.69798955768614,
0.9766245018993048,
0.7927226665706658,
0.6119922778321135,
0.9944772237650048,
0.7649816228105442,
0.8353144627269768,
0.41994505075266503,
0.6569193643433177,
0.6789125247525752,
0.6718346400669674,
0.9515373184863481,
0.8156542651692577,
0.6780784805790243,
0.6164059376728493,
0.8811508642821,
0.8344162781287454,
0.6840488007214142,
0.5543155421761592,
0.7832157353563421,
0.7305336030185223,
0.9136919364169575,
0.7099070490542632,
0.7252128345387937,
0.6162682216633587,
0.739913628682491,
0.8352807471424339,
0.6750871498370526,
0.42437815334284307,
0.7838938345726565,
0.6455624162846804,
0.6601052809508553,
0.7893946973488323,
0.7909395923477401,
0.9907394474775558,
0.7156022502440214,
0.48888541740986996,
0.5894269079568523,
0.6399260800776482,
0.44026464400127174,
0.8204283218331614,
0.773697527560795,
0.6238475907549261,
0.5601851098914661,
0.3971444627318555,
0.7494652453874826,
0.8766368813631862,
inf,
inf,
0.59897897332263,
0.8063649314296287,
0.567962911365091,
0.8030850467692473,
0.7714634484729581,
0.9209445783535005,
0.7365658878075599,
0.8251929985309845,
0.526304770319581,
0.5834613320797452,
0.6888714656227828,
0.9475943807483812,
0.36088242390317926,
0.8871360373456477,
0.9536569692285549,
0.7161302389043342,
0.7407539894539357,
0.6483495246002987,
0.469794861030817,
0.5124622290263902,
0.8317752579877505,
0.683702660543571,
0.7265759681590696,
0.6996968025174063,
0.6499772056101443,
0.6787597329614813,
0.7734015714516658,
0.6473163641593546,
0.2798444887947959,
0.9017352774283952,
0.46230278046369555,
0.8182108279810524,
0.7173453731763547,
0.8200157038651396,
0.6894603003919755,
0.6828679022013544,
0.7330491294743451,
0.6672370413693621,
0.6965373837642006,
0.8462719679555383,
0.685906109984815,
0.424049030622449,
0.845259329060334,
0.7326761136989084,
0.7861113985444343,
0.7795370695616454,
0.7540653600352959,
inf,
0.7413958676223915,
0.7956393331058156,
0.5296232803536686,
0.8649730150029711,
0.6277862043953562,
0.8370249728755337,
0.651476661206823,
0.5449849419359951,
0.5093155357205867,
0.8354997273166216,
0.7328552549023878,
0.8399552833484338,
0.6511980773507124,
0.5102348720845539,
0.8972266795084701,
0.5301801330291456,
0.8090585759969711,
0.8133699549100643,
0.47125345147647857,
0.7519440691848814,
0.8068613900283065,
0.6815480177940623,
0.923868743546348,
0.8426420980490126,
inf,
0.8786330223061493,
0.9465746554432616,
0.5998350986031311,
0.8914494692776305,
0.674632783340263,
0.8943793972967454,
0.700809931366314,
0.5736915115819275,
0.7383337358680964,
0.6117617029556512,
0.8313227462703625,
0.853682317795363,
0.9442324639562701,
0.875519183882557,
0.6041774903969764,
0.48046497064971927,
0.7649179394042664,
0.6024294216481004,
0.8708130621112584,
0.6768669009991194,
0.773313578468734,
0.6814205902173569,
0.40788010941347724,
0.5826029482104133,
0.49476897038040163,
0.7065699173641639,
0.5079722316734305,
0.7629842517227593,
0.6097944761559383,
0.7684532754911173,
0.9503366631089443,
0.9093889169109978,
0.6650361071548554,
0.7798132642244081,
0.521238369466865,
0.6438834896845517,
0.5596681192347451,
0.8119682541141999,
0.7159229289878718,
0.2730472869834304,
0.7253335319969776,
0.7798138893499539,
0.7088729077273013,
0.7675226045950946,
0.6926097685483613,
0.526830815241443,
0.8087996106645028,
0.7416587936215667,
0.8378088569638156,
0.6173203456091518,
0.8576829920730635,
0.8058122160438299,
0.737140279336466,
0.5245004907457741,
0.8106179499898579,
0.877072303459453,
0.6065542767947342,
0.7488647670970718,
0.4822995316655158,
0.744116885338664,
0.8852469279846422,
0.7831538980756401,
0.7739033866499221,
0.8496024116050684,
0.7281789752009422,
0.8358257598731871,
0.8456675282786411,
0.41994505075266503,
0.8169850616852902,
0.7665398339389536,
0.768818754254579,
0.5825724895046449,
0.6217344362071359,
0.7778183852972436,
0.3789693534539261,
0.564265472607863,
0.526381870847416,
0.7565360869946121,
0.6438246556476057,
0.6839922519965054,
0.729668895371536,
0.8039990240726365,
0.6719911505696801,
0.8117771179053279,
0.6485396635415966,
0.7604353900246636,
0.7286539757514247,
0.8083346103758812,
0.8538245129417487,
0.6643822425604147,
0.7433308809901767,
0.8591305948451133,
0.7678218362576079,
0.674551485808537,
0.7362959980964661,
0.6634273038086671,
0.9040551578221133,
0.692799389645573,
0.7973596918342977,
0.5869416795971708,
0.751539018403853,
1.0015868892018025,
0.6698495122001719,
0.8075481561703118,
0.5053118292268213,
0.4430001361802575,
inf,
0.9024292606709153,
0.645521268161077,
0.8008040512509226,
0.7477502668604584,
0.8831975382614904,
0.8028703188245117,
0.7273140242879406,
0.6007951232674833,
0.8120265853748129,
0.6182692597806454,
0.8088818442866538,
0.6823300930641397,
0.9162463818181672,
0.5474456082525733,
0.6111800458892226,
0.7767859152061121,
0.35680982163885755,
0.8710389950761345,
0.905668502352476,
0.6120856929132127,
0.6241684480525466,
0.7282503272537542,
0.7472075004960199,
0.5689791939931569,
0.6182364688033191,
0.568229845081089,
0.9483652966954657,
0.8476674005636312,
0.6679106253879731,
0.7670755260416405,
0.6692485235755771,
0.8676592517931524,
0.31734673090311377,
0.43415670984338617,
0.6709717237066918,
0.5798992775354896,
0.6751646238285305,
0.8518378685294544,
0.7082308746475532,
inf,
0.7968480084430576,
0.7818159224548508,
0.6234539455633396,
0.609051280151183,
0.5124250713395115,
0.7242102705494524,
0.7039030344399091,
0.9210736783905029,
0.57480952330326,
0.7969078339090168,
0.48114470210015775,
0.8487556536918165,
0.8596434867427114,
0.7185149840384863,
0.6164971038437886,
0.8501552947550003,
0.6714791835989284,
0.6240417853327606,
0.8465122316571444,
0.8345254272110468,
0.7049736852945983,
0.9089766381391075,
inf,
0.8937769674900413,
0.34687181046351323,
0.6833023853950991,
0.5133379622295063,
0.8594729705602142,
0.6934414724755031,
0.8238222899647785,
0.2079306642807245,
0.6466306167426109,
0.7131868417900215,
0.8200935769081235,
0.8252202175714076,
0.8462909114077882,
0.919280973341598,
0.6471877652617872,
0.5065311400593089,
0.7830245615694944,
0.33923426467194806,
0.7636924122175812,
0.9032667411037252,
0.5156694440698528,
0.6804332376634372,
0.5839089303765893,
0.621305214938038,
0.25095310312490465,
0.5802666950595766,
0.8186220411308691,
0.4475328845833512,
0.38204691352307796,
0.7518804768818141,
0.7715865758204927,
0.8923140056547644,
0.896739014641254,
0.5039671406773649,
0.7832483682916044,
0.8191680869271097,
0.552732230101959,
0.6475929558951141,
0.653293873683056,
0.6244777775410322,
0.850023464418517,
0.9534643114397824,
0.6483527931170274,
0.9231137973260969,
0.4618014616493153,
0.7465701436598349,
0.6130563536947259,
0.7614964792246679,
0.9906645418680451,
0.8987114615528289,
0.7286638997016375,
0.5866133342268081,
0.5064362137401298,
0.587313999930566,
0.7116576841190438,
0.7182757155886406,
0.7367522673605382,
0.5893107672390303,
0.8013500744280395,
0.7862410617713835,
0.5696702380689402,
0.7131934876789581,
0.5107872983838679,
0.5991708859376192,
0.523236527517363,
0.5738016898918898,
0.3162494897842407,
0.6243423521274943,
0.8947181028429337,
0.8387204812224388,
0.7529457884558789,
0.9663257858119011,
0.7106457345928123,
0.4866590836209067,
0.487815237742964,
0.5491660971461602,
0.713633981255539,
0.4119283308234264,
0.8148169178890925,
0.8247723263162654,
0.530853103300929,
0.6503769684787399,
0.6772686904520988,
0.4554469773214162,
0.4414702410099707,
0.7129834526874841,
0.48356749702485596,
0.871875278729408,
0.8027196513771031,
0.7488774106065184,
0.7031385834747982,
0.4373722453934141,
0.8104100884825552,
0.7226880385165391,
0.857283876723275,
0.45489552091465013,
0.5743788681217249,
0.6413108309374829,
0.6840021880149885,
0.479114827799201,
0.894824251731217,
0.6388483390597083,
0.7454300012090066,
0.6557749159438497,
0.8246778335556911,
0.8482226545921882,
0.4766924335759049,
0.8468502607376193,
0.8141365609896698,
0.6511604630635759,
0.7467676312889435,
0.8797878708782296,
0.8320603471914706,
0.8316799378219545,
0.3354517630703341,
0.8044676403947448,
0.8403199191031456,
0.8797484236215954,
0.43815442924106124,
0.5443003236541402,
0.5479588681195613,
0.6026889439813026,
0.7768064209501342,
0.573170555058051,
0.5979248043319618,
0.6526416816000681,
0.5482788077938381,
0.5080995684946775,
0.7887584339024405,
0.7658788789968481,
0.7848707992852988,
0.8270312892283792,
0.8126706146275297,
0.6009366478367184,
0.4383592842746496,
0.9016271366184544,
0.8904822509024197,
0.47731077730751037,
0.5930869568184592,
0.6729548573493958,
0.7147940598345519,
0.6294803506227293,
0.956087480811379,
0.8363079393372349,
0.8665670328980136,
0.6560208746544531,
1.025705705194551,
0.6398953606420212,
0.48192194657082593,
0.7192310791723102,
0.7713384779957038,
0.6561694091225863,
0.7369327791211057,
0.6264177231770073,
0.7371529373164176,
0.540538016256359,
0.6843256146019386,
0.8499084873745296,
0.8379358696559351,
0.8267387621909041,
0.7612541563725871,
0.8772255111382247,
0.8734510855863332,
inf,
0.8917840225824519,
0.8292486738733402,
0.5381376895866394,
0.6304482209029395,
0.7764658922871486,
0.4017329475675768,
0.6403641164555088,
0.8480655854085334,
0.17009796339342478,
0.9254893334504969,
0.6114067668341265,
0.7492403197205901,
0.5350235954313634,
0.9149352836734282,
0.6734124330983623,
0.6834417899472794,
0.7761981862398685,
0.7337604852079309,
0.62859637254455,
0.6745669871147736,
0.31786204564887877,
0.6236232011266124,
0.5995531342050706,
0.8640081429497741,
inf,
0.6318623383241668,
0.7956859878039323,
0.5765096759252613,
0.8798072145603875,
0.32323670167574287,
0.7504563727605342,
0.5855852740739286,
0.26827052457232475,
0.5900069821393371,
0.5715074135555708,
0.5392190606572698,
0.608357826521349,
0.8148734032719586,
0.6631659054132883,
0.2730472869834304,
0.7899059832660796,
0.918109683625588,
0.7360972854692714,
0.6087516512762924,
0.2914176622189432,
0.40412477170004363,
0.6589182993535949,
0.729408722155034,
0.8292987174844849,
0.5331834554672241,
0.484563406910679,
0.67504689001027,
0.6626116046341998,
0.8518192860253636,
inf,
0.8204614620936016,
0.47982079367613784,
0.7927567235468179,
0.7532913154271342,
0.8563257928783272,
0.6700580515893412,
0.6969009649847635,
0.7399231720775485,
0.8365253318060696,
0.7582259713694335,
0.8142885796367357,
0.7456752941504419,
0.5006536781822204,
0.7459473519178779,
0.7814907659473674,
0.5171909680527305,
0.802633001836258,
0.947055772351326,
0.8858233205525279,
0.7713781528432491,
0.5370289634301094,
0.6583329549964216,
0.6021660381444985,
0.4054622003234994,
0.5475696344147534,
0.7264298054659334,
0.7910581274319064,
0.882089168155719,
0.869113197928118,
0.5935031522158527,
0.424049030622449,
0.9290827715352239,
0.8572981062335084,
0.5115975798988343,
0.6489185943701216,
0.8796800073998867,
0.9342785375687779,
0.7999221871483907,
0.9097386250338998,
0.8372616354996413,
0.6715025607806269,
0.8985011917562785,
0.9086012733253267,
0.5468255331913233,
0.9266683729077778,
0.785744612620498,
0.8093441185778703,
0.605012716274863,
0.8192063972793246,
0.9434842269848684,
0.9010056570019114,
0.6820003830974469,
0.658349216616579,
0.7209774037985853,
0.5235631529272817,
0.7458197832421423,
0.5826405512606248,
0.45263613875592573,
0.6492963916273542,
0.5378252800921333,
0.7926566334163254,
0.6496771255546759,
0.6025869000157416,
0.969068577518012,
0.8705562867497171,
0.8575757878931585,
0.7004937809287911,
0.6843580030354552,
0.4630621395372574,
0.48114470210015775,
0.5190598310562701,
0.7007808713693741,
0.7515534924157262,
0.48964675351431375,
0.7741017475915967,
0.424049030622449,
0.5721125402993941,
0.8556440262857428,
0.27404525487260206,
0.6349408532147706,
0.6043772361896576,
0.6504696888189185,
0.6654088380131097,
0.9468438275067307,
0.7587947193344117,
0.7250226559264599,
0.7872061942836307,
0.7270950750132337,
0.9543930090325159,
0.8065869311290027,
0.7565808277377076,
0.9435889161418556,
0.8724454706083891,
0.3361518895104833,
0.6465922705783761,
0.8199568150391988,
0.6358890514242649,
0.8428071915316708,
0.7536078122891298,
0.7305522476609629,
0.8686821380334641,
0.8402232270668,
0.7047714896597702,
0.9883642625778198,
0.5501442219609618,
0.6108407412829399,
0.7579347200817743,
0.7869207349975258,
0.8609929583711732,
0.8686480734588148,
0.5773074267374045,
0.9163479013654359,
0.6261865494098644,
0.458291977584064,
0.8615747293146058,
0.5778096061088338,
0.8184130721317243,
0.4306190875052214,
0.790595351450639,
0.5249074489857545,
0.660431118920982,
0.8742571740933253,
0.48114470210015775,
0.8555484455122923,
0.9240746946950403,
0.6805443729825058,
0.6790327365137168,
0.5976760158404334,
0.6844778403814655,
0.7449779850379383,
0.35457696080565454,
inf,
0.8049752372947634,
0.8009776751413129,
0.3545422273959061,
0.6611698753485078,
0.8046429910156973,
0.5609731649821939,
0.7564500220192111,
0.7297725751575231,
0.7357135772190839,
0.8084713347956688,
0.9182453582839072,
0.925150069904092,
0.48114470210015775,
0.7323219704374412,
0.4853383741466469,
0.7367368236275441,
0.7255697798810429,
0.7112943097834128,
0.6021072825465099,
0.9020813393961818,
0.8503820280699199,
0.5151576217324336,
0.824564173095189,
0.7570980994476014,
0.941718003964057,
0.6430939962225426,
0.4187267082454816,
0.8382266425178228,
0.47125345147647857,
0.44662024820928575,
0.5469167281059623,
0.9054683383298964,
0.8598191534276365,
0.6174521244221628,
0.8612469857713161,
0.9156403832229171,
0.7907401319892705,
0.6370884167704582,
0.6294803506227294,
0.46693118089534347,
0.7473129278564453,
0.6829951272416115,
0.8506904842690673,
0.737093747780621,
0.6719081417989777,
0.79111826063551,
0.4520845209880326,
0.349282874941042,
0.6208528545362784,
0.8279103173425187,
0.7795430530139255,
0.6474361270347138,
0.5174522642717493,
0.5883575503526925,
0.7304549534374243,
0.6992294641534011,
0.6422678717684541,
0.5442450468215794,
0.9568412546614828,
0.786786772587359,
0.5203912798391349,
0.7564218154259139,
0.6025861026718003,
0.717174788870244,
0.683579014313221,
0.8811035890064245,
0.5470622563203008,
0.5336067875710194,
0.7433650809025774,
0.8650467167502166,
0.6196646621254791,
0.6704740130435624,
0.7960679701892585,
0.6334413922966426,
0.7986479555975675,
0.7929469767812568,
0.6113569768777107,
0.908388501252716,
0.6261529026797712,
0.7594851471483708,
inf,
0.8737019318624656,
0.6180048833630211,
0.7981116427282183,
0.3280854351557542,
0.5928220340809554,
0.8552972787094074,
0.8541597626751578,
0.7358085721108878,
0.872911344052097,
0.751539018403853,
0.48114470210015775,
inf,
0.8818865951281676,
0.7183715825633394,
0.6798359181550027,
0.6196821429623605,
0.6766350034168723,
0.6562294960021973,
0.8011455217402387,
0.8611942336812458,
0.7685355012322,
0.7441968546147252,
0.9953142023046944,
0.7066621566485369,
0.4547962675243377,
0.2415542876673937,
0.7209846673724949,
0.8086469921431124,
0.4680750146978398,
0.8747667294465303,
0.6150462287159114,
0.7433038036261432,
0.8295598272605943,
0.782859021899249,
0.8269931037319227,
0.7693617478554252,
0.6420884986945391,
0.8821966163941405,
0.5140800216322897,
0.651846654865048,
0.9461106470023991,
0.6313449391520023,
0.7838510941328146,
0.6642413844009489,
0.6509619983817663,
0.6650977432923914,
0.8313915926688314,
0.786579702715325,
0.755224075383142,
0.7133111460491036,
0.5375434916820803,
0.796201971561483,
inf,
0.6414011037739564,
0.7604558140717288,
1.025512239362901,
0.7477502668604584,
0.7306919718906977,
0.7762314016246182,
0.27404525487260206,
0.8442120038343824,
0.957886215206231,
0.8052634034252203,
0.5272440664921487,
0.21095996710449458,
0.7047967804850578,
0.6398953606420212,
0.7198103319394322,
0.919667715386781,
inf,
inf,
0.5903647158900653,
0.9514384456532851,
0.6280716667948765,
0.7722912583931154,
0.8906529579341065,
0.6750407491245551,
inf,
0.8968888160439863,
0.741383843038387,
0.8973893144377983,
0.4272203845878425,
0.847591250690624,
0.6541386146639416,
0.8048277621089843,
0.8315123316551846,
0.76680871556757,
0.765453843116912,
0.42224232450562577,
0.6774331565849662,
0.6718328116527856,
0.8675627945443899,
0.6234201788902283,
0.6909669702006586,
0.5790906404613555,
0.46966175229002094,
0.7735772111495732,
0.5300726072810483,
0.7240193946349714,
0.6126075450439843,
0.6630267394606587,
0.3852427074891778,
0.3996134426246881,
0.4534315578895807,
0.6986982747751187,
0.38204691352307796,
0.9910142399879674,
0.8993289470672607,
0.7408246801263342,
0.47293990466238855,
0.79943126199111,
0.84988082031013,
0.8556396852412121,
0.7338209098597357,
0.6443719118964671,
0.9373817227917314,
0.5996701808199286,
0.6255969308582162,
0.7912754666197738,
0.5108016407395363,
0.8770280460006615,
0.7677789469335137,
0.7284050726989034,
0.6562294960021973,
0.7476582608356029,
0.4949291779613866,
0.8065018978832308,
0.8436960189591082,
0.3141896057218313,
0.8003615044790948,
0.5732750843381899,
0.9451358954640184,
0.5622893021144988,
0.6564570143046528,
0.5923407499714526,
0.6061354558349848,
0.6755726933695986,
0.7364878617577034,
0.49980153849563735,
0.8096049921045169,
0.5889637313831311,
0.9002565601117366,
0.48114470210015775,
0.7325625052433014,
inf,
0.6660226224076748,
0.49636252029333117,
0.6479654220960948,
1.0286134363259147,
0.6299666651143973,
0.5424410661915559,
0.8867587981235149,
0.8434104558830022,
0.7958477512303279,
0.5387824001975944,
0.48271208814078564,
0.5611199706368387,
0.8235436838355055,
0.36155651886462176,
0.7897874354167939,
0.7564684611046715,
0.6728679803003552,
0.8916048688044912,
0.694926362957275,
0.737009566809833,
0.8600431259211887,
0.5732346324293346,
0.6623562307548224,
0.5104548776355743,
0.6943931351432924,
0.6443695594198476,
0.5908886213150397,
0.6933000028893824,
0.6325073985061646,
0.926044033619697,
0.6993573013115376,
0.7105277232391572,
0.4440167810970247,
0.7635159078627745,
0.8863888801949273,
0.35672717252785247,
0.8375387819519273,
0.48114470210015775,
0.8803768370030105,
0.7626377254789846,
0.5784069421812893,
0.7627260918673276,
0.6279173224441879,
0.8190353779294065,
0.8421859216189042,
0.5357477284051776,
0.5303451605040456,
0.8594212713205381,
0.7515410023053096,
inf,
0.9827824947676242,
0.5726109600228921,
0.8406853908167561,
0.68457398755759,
0.753377189138677,
0.6601996965259458,
0.8979018360654117,
0.6265833619374069,
0.8060386744668206,
0.846080054068906,
0.6784254728805308,
0.7917398072356833,
0.717765428737591,
inf,
0.9199448711275824,
0.902402343124057,
0.7563495963799893,
0.5988118396989685,
0.6035518659268939,
0.6060996093217135,
0.9076000535854665,
0.677886198278313,
0.7760294157392547,
0.7642892320722009,
0.6159483856880804,
0.7000543225494038,
0.7916841286994869,
0.21095996710449458,
0.9420171096787259,
0.6956547635166168,
0.9076610826778506,
0.575853605845642,
0.6155912293359279,
0.48114470210015775,
0.6685148514525087,
0.6972113644669607,
0.8115672673811702,
0.44954975018006565,
0.7139336635010478,
0.5602882312863408,
0.7226897969904151,
0.5488299800733197,
0.8712307123939022,
0.8880160793240884,
0.6419280151654808,
0.9119292073147398,
0.9244547970143302,
inf,
0.7010660245721239,
0.7489954508064525,
0.7713800825614983,
0.8163144191489815,
0.8517058267434283,
0.8621822752101254,
0.8435337718794081,
0.7252351633190994,
0.8023616763337015,
0.7497024851389185,
0.5008382437880788,
0.883948714747566,
0.6084250851719856,
0.4263579057875632,
0.874838092069231,
0.5712276539430214,
0.8952356666792881,
0.7026267285644531,
0.8116735589485353,
0.5123400464363306,
0.5180521665892219,
0.6398714570332575,
0.46697521176722545,
0.6026896790530085,
0.700809931366314,
0.8251203353667464,
0.6753750707545182,
0.8136255649987315,
0.583627392734909,
0.6145394532654435,
0.6666442049006718,
0.5566985856488293,
0.5832223030671226,
0.3301997780799866,
0.7627583957865477,
0.6148353963497628,
0.7898658655082402,
0.7310168787585102,
0.545665851010472,
0.6168911997451959,
0.611526527652651,
0.6989175505810032,
0.7208164793690205,
0.6867900516921138,
0.25973482421643734,
0.5191830431876534,
0.4917084559097411,
0.4547085200271139,
0.6880648486060857,
0.5076204343628904,
0.725785804834421,
0.9062502585920433,
0.5502326337514163,
0.5774526045402296,
0.861284112989671,
0.7374849497093195,
0.746716691257857,
0.8753570467797559,
0.48114470210015775,
0.8932523651769402,
0.6110957335631338,
0.4650290126239538,
0.7344327836524797,
0.7609438311906198,
0.8412483837578967,
0.5320009441881376,
0.7705346221847534,
0.6053478129083584,
0.7160800356737927,
0.9345724625133823,
0.8500514511856562,
0.47236427703939926,
0.7850395677163664,
0.7140107910462123,
0.6133700205257225,
0.6796872517898986,
0.6293158369695133,
0.5855980412726324,
0.870079412959218,
0.48114470210015775,
0.7879303903331459,
0.7566264746450186,
0.8631650509800375,
0.8110290924109298,
0.5953274184554219,
0.7736170564977328,
0.648952799281825,
0.6841442190223455,
0.6035054936599732,
0.733874179548025,
0.9901781023325739,
0.7666073010421678,
0.5274578905389621,
0.834012679432202,
0.6038424479621152,
0.4588074931387678,
0.7632035330312219,
0.6093678035015243,
0.9148431895986199,
0.8277592771414877,
0.714781285882843,
0.9012640249773692,
0.5180217096957263,
0.8319282967087613,
0.8033440755860227,
0.8150908630659239,
0.7401022609248614,
0.4846325788970068,
0.8200870861796008,
0.44002703814808247,
inf,
0.897299016099739,
0.8418042786126374,
0.4403762309486235,
0.46482643838846543,
0.7882611282155514,
0.7379906977732293,
0.514655620179701,
0.8663273098736439,
0.706893800753824,
0.9121124428142589,
0.9437980945931627,
0.7704221010619641,
0.7250444784479998,
0.4748958462419271,
0.7581591017549905,
0.6463005969413137,
0.7226880385165391,
0.7190606281782508,
0.7243774015985144,
0.6161356210433314,
0.6820269478465999,
0.8972437097489415,
0.5418784441499284,
0.624426491148144,
0.7071896098119714,
0.76584041981256,
0.6902460432048692,
0.7888744837328749,
0.7391715570144664,
0.9047616569490914,
0.7577428723724373,
0.7157064363327027,
0.6414356222252547,
0.7510799026143883,
0.9680254655419384,
0.4164384748403549,
0.7197647976245641,
0.48092410825624465,
0.5283648732705784,
0.6577775549037059,
0.7214826474933898,
0.7521978560927107,
0.39850862780553764,
0.6076089439958334,
0.719072840792127,
0.6472961941945118,
0.5869630149979749,
0.40843849366879464,
0.7587393367504328,
0.6148479485884331,
0.6869827520259798,
0.7854918256856416,
0.6026473636915683,
0.6463397335736011,
0.8116882645125286,
0.627445152138412,
0.6433869085398913,
0.7410525943138683,
0.9709476566319029,
0.6170505939304645,
0.6522019989497121,
0.7695338549249832,
0.48578312550889,
0.7253338127362728,
0.773313578468734,
0.9553333441965471,
0.6698508246202255,
0.7465250997547745,
0.6251352587960591,
1.0236002953860164,
0.543471702960795,
0.5134562727002462,
0.643720422406268,
0.6367227152578163,
0.7378265785348177,
0.5844795030645245,
0.7800404430414493,
0.7399788082348372,
0.6639500237347633,
0.7675794919349564,
0.8069978673392866,
0.6426917350604053,
0.7097822458950984,
0.9044787042241207,
0.47638373387945415,
0.8433401894354733,
0.8128634703980443,
0.5889256398111217,
0.3470034363708667,
0.7320814873309612,
0.6760319631145477,
0.6270423655547752,
0.4661688066166688,
0.9272365699605831,
0.7285917002140714,
0.46141090254879,
0.8878921006656996,
0.48334814118311403,
0.8334846302095815,
0.507952242244339,
0.9133632086492424,
0.7351867321894093,
0.8881435912179348,
0.2819033323715488,
0.4567366160354529,
0.5589255524848401,
0.854703973428159,
0.8094929555017336,
0.7547729922431455,
0.761415365332647,
0.5471739317505437,
0.46327469051303866,
0.8441072895263779,
0.9412456348978318,
0.9171614612215785,
inf,
0.7443614672360952,
0.888997289290815,
0.7164655277866913,
0.5123002389967442,
0.763689187902998,
0.8538326769062535,
inf,
0.44894406137891785,
0.8463974759418763,
0.6482780384707191,
0.9220397468516124,
0.7932183586843581,
0.7371718011172864,
0.9065256430571216,
0.6643822425604147,
0.8404222939484649,
0.42550954388344286,
0.561786863224503,
0.7380441595878904,
0.8366677748601098,
0.7879087288954761,
0.8057488762529156,
0.7469185421681275,
0.8226040868258271,
0.6304574049341878,
0.6321930946833162,
0.8496263281510004,
0.7457544755666216,
0.9367975827273582,
0.7355953959124383,
0.7494063500148653,
0.8131728455223143,
0.5153088198876483,
0.6768520514906076,
0.360079553452548,
0.6055955375995725,
0.7472290067958981,
0.6355728212379217,
0.8628540612878857,
0.526830815241443,
0.6556553530991077,
0.8843504247950671,
0.44433318184404236,
0.5354280100968009,
0.5986686016099327,
0.6386321274317585,
0.6379144708279564,
0.48114470210015775,
0.8539322824735721,
0.7370055443437905,
0.5287927888485789,
0.6388026542506694,
0.7332780401950607,
0.8697820892355679,
0.5900069821393371,
0.6182634001550615,
0.5044574565255877,
0.8784652966684919,
0.6224675906281679,
0.41994505075266503,
0.44331317373821744,
1.0060057817077628,
0.5060739134310843,
0.7146970113112959,
0.5381376895866394,
0.7620784998774152,
0.5184731017623901,
0.7326182082317502,
0.5745743509005136,
0.9221533019925198,
0.8042066985738278,
0.424049030622449,
0.6532810104051024,
0.424049030622449,
0.7632412744453668,
0.7205103634253425,
0.7673176452262451,
0.7338940830142577,
0.604611328784192,
0.7498029550874322,
0.7364674198993367,
0.9334946395860633,
0.8068359303773361,
0.6788762440375805,
inf,
0.793944268206644,
0.6643941950875879,
0.8957822287249747,
0.4062770502466064,
0.6998739754405437,
0.8407932600856955,
0.6390038233547646,
0.9472979063168149,
1.0613076855644856,
0.6938434296471266,
0.584020332298557,
0.5521522652217496,
0.6428458476901854,
0.36173928612564754,
0.633211264854481,
0.8450482792150245,
0.19102402983248234,
0.7981152210276746,
0.9156074102778112,
0.6945520513940256,
0.7543980868450132,
0.7560655110986086,
0.36886737115246765,
0.5759722075318098,
0.7861530583072114,
0.7800086362318854,
0.0,
0.685735324068852,
0.5883575503526925,
0.9751837319892241,
0.3183981206981241,
0.7717736269651259,
0.777489493202519,
0.6176511863740255,
0.5356366651270466,
0.5907981597213149,
0.7805654663719893,
0.8463566783145068,
0.8931035178159937,
0.8015580923727917,
0.8179377875741412,
0.5930521247966176,
0.8740649951026112,
0.3969814701374769,
0.6076944917757038,
0.8003260932133852,
0.8557365593472721,
0.8090852647375311,
0.8499778479650777,
0.9270765879872561,
0.811276894020739,
0.7822667726745237,
0.9103743080880464,
0.8455836537133182,
0.8886776408955703,
0.591113693870008,
0.8742643982494571,
0.48622659201638097,
0.5942098446368873,
0.7620062221562983,
0.8161457803524881,
0.8394864232039954,
0.968825034190423,
0.7018940227777155,
0.9377619763933065,
0.7803606923304794,
0.41079836194986896,
0.8232897648387615,
0.6540150896692452,
0.5656616214868949,
0.8563257928783278,
0.6813669452549878,
0.7247726683771754,
0.9678054474251672,
0.5557960287996815,
0.5981079009543185,
0.8904308647064269,
0.5845115517681598,
0.6076089439958334,
0.8875954825878338,
0.5513472103483531,
0.9392896707778844,
0.4536643584094583,
0.9066319881545574,
0.9221081658740437,
0.7473129278564453,
0.4938076865654201,
0.7839393954580927,
0.3976046963546513,
0.7823057677391768,
0.6640842699728975,
0.7671993485545205,
0.9125010641937255,
0.6633485290107864,
0.4691500934610843,
0.658555909679331,
inf,
0.6503408551216125,
0.9719187235176802,
0.9468716282443689,
0.8283772352297175,
0.7431702697325123,
0.7758747910050899,
0.7481826686840995,
0.8202760637552161,
0.7860849192422558,
0.6152514606366939,
0.8620236766142243,
0.6941496122196863,
0.8406842036258696,
0.9632640565140248,
0.6330664684750607,
0.7510771753206743,
0.8799832227058411,
0.8455836537133182,
0.9373817227917314,
0.8563301330346287,
0.6178147807663232,
0.6652044660215105,
0.275397352193516,
0.7808936063718795,
0.8524332733678086,
0.7373881644748632,
0.7662384469046873,
0.8211698781884909,
0.8411334946120885,
0.6170110494327545,
0.9246040001719424,
0.8541597626751578,
1.040241833149612,
0.5451161650865342,
0.9305143447511287,
0.7489176549838235,
0.582168129653087,
0.6660774797125855,
0.7355953959124383,
0.4114706375198364,
0.47323101817911867,
0.949529121876955,
0.6205544559066558,
0.6305803025215866,
0.5321146511776349,
0.8180440368281213,
0.48114470210015775,
0.42648023367996696,
0.609124124017663,
0.6271940034498629,
0.5336886603798866,
0.8895579800549829,
0.5548404742819751,
0.37586453016032334,
0.48114470210015775,
0.8311662263837831,
0.7497716576970482,
0.8204283218331614,
0.9462556477316671,
inf,
0.9610983138989508,
0.7674428167015298,
0.6202391655497362,
0.667139772206618,
0.7817111336812015,
0.3265833854675293,
0.7404527258192889,
0.9800848776633609,
0.7519677055667401,
0.7280658594506214,
0.5337612020908237,
0.5594855888003574,
0.7605392161477204,
0.7343849187547522,
0.7125166665268252,
0.48114470210015775,
0.8197937131160599,
0.8583955820315002,
0.4691500934610843,
0.7311643230452365,
0.42410618043813286,
0.5826797523262842,
0.8161977022975468,
0.7960703978347222,
0.6853741269507653,
0.6844927854604755,
0.8380635621364355,
0.8716761919090608,
0.6215592104770746,
0.7792734255695966,
0.6829940415149983,
0.8707430647357187,
0.7972789524001614,
0.5123087901267086,
0.4165267364912521,
0.6744536079452133,
0.6045080805767044,
0.615179113900073,
0.3011322681749463,
1.0311379252093589,
0.8535334505622075,
0.6300496380245955,
0.5528622908117127,
0.7517477929248308,
0.558466957589823,
0.7320077642297744,
inf,
0.9434640974374414,
0.6798856578838824,
0.7566789308859354,
0.3651116235065524,
0.8520495220885013,
0.8475591151123374,
0.7670755260416405,
0.44226313428147745,
0.7304799044989324,
0.44120076624768395,
0.7346847733489947,
0.6686931697276468,
0.9217074913649651,
0.7354305571925244,
0.5970800996676087,
0.7906522902897087,
inf,
1.0184627854274468,
0.8606680041303635,
0.6592763540045703,
0.6735839060866833,
0.9224116251729984,
0.73643728111279,
1.017279853602074,
0.6672111860398164,
0.7561551602993012,
0.573150656222776,
0.4270255850354249,
0.8002044491641956,
inf,
0.7740003217421829,
0.8077246106992344,
0.8360464322065301,
0.5825182956393378,
0.7789207875073025,
0.7378118252100294,
0.6259718978645487,
0.9959187260331117,
0.5099318560929637,
0.7356005800434906,
0.6340369177754636,
0.651350827694071,
0.8000825208292234,
0.8254960317648001,
0.6642484874862072,
0.8210826391442071,
0.612697612334902,
0.6564570888542257,
0.7285223742599796,
0.5674788592970795,
0.8733999554718835,
0.5831766318569037,
0.5242399774541855,
0.48469988689839544,
0.7566136739628583,
0.6235897820056975,
0.7377830352683232,
0.7863488836434928,
0.7231984934119708,
0.6254864485581338,
0.5640330063894374,
0.7218636682467783,
0.5990833613778863,
0.6421011173206118,
0.5406136934302613,
0.584061057012037,
0.48114470210015775,
0.8971285655006358,
0.6592394163759864,
0.527546680348608,
0.753368787343517,
0.8788019801838846,
0.5122774215788023,
0.6229735673222341,
0.46488721730656624,
0.945165989292919,
0.6177537620633841,
0.8722321910234839,
0.48114470210015775,
inf,
0.8474843436722872,
0.7316749152329565,
0.8163717929120348,
0.41598300583887104,
0.48114470210015775,
inf,
0.6428601762960255,
0.7232090076394766,
0.6463101052667629,
0.8426226451239383,
0.9372474479005526,
0.6038393734657747,
0.6515287208081418,
0.9006919816370494,
0.48114470210015775,
0.8776110769705965,
0.4107641228078957,
0.6802289248937369,
0.5770569574154999,
0.49932676144507526,
0.5578223414566152,
0.7316623997813105,
0.5792076244527573,
0.7377810191222429,
0.8822762552262553,
0.6530862448904514,
0.7113242262753683,
0.6257087144115866,
0.6034527747132743,
0.3715127962523456,
0.8322692379041875,
0.9732219619800463,
0.7250561059733119,
0.6647830213056707,
0.7408984293129444,
0.8809466523332211,
0.6562294960021973,
0.7200586877648311,
0.7344920126018621,
0.8277361956263993,
inf,
0.8336078142888482,
0.9181939409239602,
0.747176196077374,
0.4496261922869384,
0.4202191518177033,
0.730387130069134,
0.5729435257492661,
0.6249287970253118,
0.8849526644266026,
0.5338343498709323,
0.9418705568874177,
inf,
0.7684620374304773,
0.8542844883213014,
0.6212540425925326,
0.8383105108949056,
0.609996281808458,
0.9365918365863537,
0.8235764771646358,
0.3743523959791794,
0.8231571786374262,
0.3651116235065524,
0.7566390446578458,
0.5097410283591604,
0.6425706133527462,
0.7736856162467003,
0.608703140628416,
0.822399520168751,
0.6022422501440591,
0.9516459417020823,
0.6250539590747727,
0.5224638124685003,
0.5393943373746192,
0.9379993259370686,
0.5818232332967362,
0.440259937969923,
0.21392991022846714,
0.5196687809139108,
0.5615342179487698,
0.5148038270311653,
1.0266885091452007,
0.7424075066459656,
0.5969122650654458,
0.7350039517911412,
0.7754674393966118,
0.8401922829472894,
0.8291457877336935,
0.7264873432002503,
0.6043673892487502,
0.6539485858784616,
0.9113474082774128,
0.8780635331635624,
0.5082249265995026,
0.9796452438210329,
0.5161300290048599,
0.48601716011742324,
0.8785701952090383,
0.8616122521387033,
0.7483579782363674,
0.41358568095317877,
0.35658648440439183,
0.34665306080464275,
0.7736322267804266,
0.6116398908814993,
0.7294544022900163,
0.682418489960378,
0.2331303318807006,
0.8065012678710635,
0.7508299785326562,
0.605383119982125,
0.5922628624127579,
0.8866546377285669,
0.9339174709149682,
0.7649179394042664,
0.643406361561966,
0.4811755736761093,
0.8970993811949515,
0.7098067383645845,
0.7757453483421094,
0.16657444549547945,
0.5385778252012344,
0.4677764089645386,
0.6439141806302539,
0.7559204479232512,
0.7530562545979017,
0.7210735982653315,
0.58231874047869,
0.7801490810299079,
0.7272401234583951,
0.4738106574743757,
0.7621851640875653,
0.6955408393635039,
0.8678207514001942,
0.587218353443876,
0.6432912079214241,
0.4913497011020269,
0.6928380897384934,
0.9328757425720915,
0.824872622855249,
0.5920057233338356,
0.8616809750450769,
0.9078711769003461,
0.7151691698793261,
0.6519133923986729,
0.7512215760846901,
0.7881672961558753,
0.6792921802704542,
1.0081365618557678,
0.566315028104071,
0.35767721841645517,
0.7350879094039838,
0.7289582097516485,
0.8025119844953822,
0.6745352294255493,
0.6688800795026428,
0.53158812147579,
0.6168071741258842,
0.8491279440848172,
inf,
0.792685043848565,
0.7443706255839652,
0.6794840029237694,
0.8507731298243393,
0.8667730810075522,
0.5086971640162561,
0.8594955471306592,
0.8634688987372517,
0.5875317769687348,
inf,
0.9057559715452252,
0.5837635867170821,
0.7404263070027358,
0.3850650071345996,
0.5374487390684685,
0.7312344570851683,
0.3424760325202094,
0.802633001836258,
0.49758056322454725,
0.7905415932226807,
0.641158662323219,
0.8297141396981578,
0.9265256040455442,
0.5431826811604863,
0.5376940416851088,
0.6746613301137089,
0.7063338631067709,
0.48114470210015775,
0.8613625898502022,
0.8424324204939146,
0.8354534660034836,
0.7130781698788716,
0.787480890206166,
0.7429207495309293,
0.7046280027300285,
0.8036480734131635,
inf,
0.8175124676549881,
0.6898906551022529,
0.9332940259820881,
0.637432610424681,
0.5404236718416111,
0.5066060173812866,
0.7647654290197892,
0.9405206542147266,
0.7371529373164176,
0.6267954154857447,
0.8131581971111491,
0.5371488569768298,
0.7289975672246993,
0.7662898247438102,
0.8612091212947703,
0.6684013007006645,
0.5065787131850481,
0.7354391629053603,
0.3176898419465763,
0.8565646612547597,
0.4624802873351968,
0.29981486527490614,
0.6122022870503664,
0.7965449368045278,
0.36844466236422313,
1.0082068165095448,
0.48114470210015775,
0.5754575220996738,
inf,
0.8821154259100557,
0.7073423055190449,
0.6597343354370594,
0.8339070023048877,
0.7100041466281415,
0.7347412221479199,
0.7762022244151352,
0.908889091081417,
0.6609323115379955,
inf,
0.6848823807159424,
0.6675198265772158,
0.676057538853836,
0.8549123558437476,
0.7584212194893193,
0.676542882997697,
0.5844946490911299,
0.7873725686724424,
0.5677069575691465,
0.5393264848333928,
0.9461799039663097,
0.626556186414957,
0.9354718175715528,
0.8699319316568327,
0.7696788700671423,
0.8200137512370576,
0.5044625327040672,
0.7847746704387176,
0.48966625471122266,
0.9421501511190065,
0.5800732743877173,
0.5063824645067454,
0.8139215668688067,
0.2331303318807006,
0.5121936811851512,
0.25656737056059836,
0.6320878973997831,
0.8571939954044525,
0.7036999833603991,
0.5458803470029285,
0.9141913791074753,
0.7219567386527231,
0.9383026570528594,
0.6623798411922261,
0.5594950197290071,
inf,
1.2610069855165642,
0.7737642695362146,
0.5529031501239987,
0.6230660679638736,
0.8921717875131304,
0.6281493180943306,
0.7212068445138097,
0.6152915969434382,
0.4781334395588636,
0.7462156007035733,
0.6997032525496447,
0.6490119249082176,
0.6232218709448537,
0.7830056370344658,
0.9398892498576356,
0.5824546678218762,
0.7446220259215952,
0.663663942785338,
0.7564021843446508,
0.7001260608484448,
0.5980396960048687,
0.6908214628507644,
0.4115396147659421,
0.35844878255871404,
0.8351369338342122,
0.6024898769956827,
0.580909381416589,
0.7059011790691376,
0.7804390936348438,
0.7132095757653755,
0.7882862254036977,
0.41994505075266503,
0.7242211780838669,
0.485053315562825,
0.7261230823486661,
0.7639990081941204,
0.7502811500595093,
0.7974437911585937,
0.6080429113904681,
0.7166184745370865,
0.8236346690301217,
0.935180756102218,
0.8240386810067298,
0.6801181259120171,
0.3838119953209877,
0.8463055427475962,
0.714378901669402,
0.7434795988671775,
0.6446876430899483,
0.48993359413694143,
0.6872624207244635,
0.9037378731133718,
0.7048551586887757,
0.5074760385397236,
0.9098282358249186,
0.8344185323304302,
0.46697521176722545,
0.7817489708866301,
0.5156318022330679,
0.36236021277714575,
0.7420159901138633,
0.5166216324341297,
0.8814723105295129,
0.696225029066591,
0.7351537884655613,
0.5244430494634442,
0.8014377539483657,
0.48114470210015775,
0.9127705741676617,
0.5426304626459766,
0.3397767927442912,
0.8131855779687842,
0.678349752338666,
0.5870275481848156,
0.6286322789649378,
0.5485516629299257,
0.786402375639933,
0.4754409053812537,
1.0024565973742845,
0.8527906123749525,
0.647974920952631,
0.4105944484346867,
0.5395292707557584,
0.60710573746022,
0.5488855078872764,
0.2914176622189432,
0.8554456904582263,
0.5724771584004843,
0.8640525386523484,
0.6416598281099398,
0.46802128242838387,
0.6001023447912762,
0.7362318778577596,
0.7534881310794891,
0.8386070819387234,
0.5711744739964436,
0.41874105318216653,
0.7570577663600926,
0.8516553667275377,
0.8409255108088911,
0.49770408337503813,
0.5581520222311489,
0.6282366253657244,
0.6940577768457891,
0.900543675120491,
0.8035614773412975,
0.5852591619789264,
0.6734361965302548,
0.4119283308234264,
0.8488057506196703,
0.7861619086392317,
0.6270423655547752,
0.5895420445138216,
0.6252789143087798,
0.7299686315139896,
0.44088706753664475,
0.777748275877762,
0.5906322323017722,
0.6448540582071004,
0.7091502693569488,
0.48114470210015775,
0.8419497637417718,
0.559965553072329,
0.6281185036294162,
inf,
0.6524390693787455,
0.6570483715542074,
0.9043431042809197,
0.5955546813387425,
0.768678098540902,
0.6445674191231314,
0.9153413484354317,
0.8629279015609759,
0.6060395792201776,
0.7818540639086968,
0.8378514605133677,
0.6000821253448608,
0.7762864164218503,
0.7356005800434906,
0.8002044491641956,
inf,
0.6035946642987638,
0.9058436876652985,
inf,
0.9086769701094797,
0.9117325894437422,
0.6907575417188192,
0.4921628260058852,
0.8034306453653661,
0.903931128790611,
0.6376225359753348,
0.8747260823543157,
0.7156152323709205,
0.5690282100258364,
0.5804354191716081,
0.849670691415464,
0.7377830352683232,
0.9398299852623188,
0.8379408501667299,
0.686058222802198,
0.2079306642807245,
0.7450553761639594,
0.8420547084782182,
0.5878214113780137,
0.8375973648220095,
inf,
1.159146424796192,
0.6872797009631506,
0.41133909528085,
0.72546058741228,
0.684551997459216,
0.8002462399726715,
0.8138235367738116,
0.414019646843434,
0.7007688237232332,
0.814165558808937,
0.5107872983838679,
0.64526933484351,
0.9349985800693671,
0.6242393394205109,
0.7239968099037486,
0.5099513558698239,
0.49164613657724043,
0.7272054516331985,
0.49264210592059976,
0.5716071605412506,
0.7012520679309231,
0.8317219690833895,
0.8685820504076911,
0.8494178206234706,
0.682165634203884,
0.6023416182529668,
0.6431639532867286,
0.5342605010756978,
0.5069837577602554,
0.6750461646978317,
0.788196580742349,
0.7038642418118078,
0.7562694553473711,
0.506898209935845,
0.8878929772355215,
0.647675090018347,
0.8476278516109859,
0.7390475218214266,
1.0001434475258064,
0.855374957128188,
0.5641109569792451,
0.5180937631760523,
0.5839189501532825,
0.7719866349118709,
0.7409839369167927,
0.770865695529162,
0.7289135222726566,
0.5131963605941534,
0.8015270096780807,
0.5011110836421062,
0.8079835421958791,
0.8860554311907725,
0.5331773149732225,
0.48114470210015775,
0.9594541551515647,
0.5696702380689402,
0.3397767927442912,
0.776931681819251,
0.7895258029513325,
0.9330198814025027,
0.7341436500259609,
0.8038145898879713,
0.7339362423198423,
0.6750442796775985,
0.9040752832795712,
0.5066060173812866,
0.5890946013742845,
0.4663309933657885,
0.7235556400641441,
0.7190727325163381,
0.7598637771478146,
inf,
1.0093424309822219,
0.48114470210015775,
0.9503858458036878,
0.7253369167719562,
0.7043422065858794,
0.6077045137071633,
0.7720772519824532,
0.8731458221219779,
0.743741463703053,
0.5382655604006218,
0.9736793960623426,
0.6921075210441162,
0.7820908550121188,
0.9626319557290021,
0.6562294960021973,
0.5938222817855419,
0.6201999962468148,
0.6679660500300887,
0.7918976534813053,
0.6328508015782681,
0.839401609167274,
inf,
0.6458852887153625,
0.5134138297204613,
0.785467924097551,
0.5780745340522174,
0.5851257338213205,
0.44587900887589127,
0.5443105831375075,
0.7804081558157285,
0.5911818371667713,
0.6270564024974661,
0.8535873213306112,
0.9024908053594268,
0.45071146636538784,
0.9940950310382489,
0.7449448660368579,
0.8621393153688126,
0.8864063734482488,
0.6738102623338929,
0.523236527517363,
0.8905655380585494,
0.6363182185982466,
0.8935100297663249,
0.876632035343671,
0.761580986154601,
0.732000140869856,
0.2947945622571111,
0.8192344378339724,
0.5469270257331849,
0.5145671357836971,
0.9049498392269743,
0.9325975648733617,
inf,
0.945503458990389,
0.8372338147687998,
0.48114470210015775,
0.8910331371187806,
0.8833540701721795,
0.48114470210015775,
0.605015938152787,
inf,
0.7895258029513325,
0.5228762743508237,
0.8993289470672607,
0.8037787442961029,
0.6516570200646381,
0.703797729291326,
0.8531432967332873,
0.9009044487633726,
0.7567637772007763,
0.7361729293648481,
0.6763816790295244,
0.6795086788881343,
0.6934819806086452,
0.5973457444942684,
0.8142885796367355,
0.5453080801799476,
0.7010808476598969,
0.6560751386231026,
0.7200790338505745,
0.7682848999062335,
0.7469012350606173,
0.939009945823954,
0.6313124237353852,
0.6839896128585624,
0.8686310149422748,
0.5128358280477043,
0.5268768590222769,
0.8813832649027966,
0.5669033061740965,
0.5534444583830658,
0.7223799216054231,
0.4204533438196729,
0.4346125705098831,
0.8965812384012639,
0.7774753311770701,
0.8459026826444233,
0.6659623185275462,
0.7776395152457237,
0.7132442891972173,
1.0106203091440429,
0.8267492330734728,
0.7364538166201473,
0.7371113354783058,
0.9178339719808877,
0.7525737255970985,
0.7097203006393432,
0.7134747708619046,
0.7803000231702625,
0.5301490790087652,
0.635533409595877,
0.6553917757650018,
0.8578578718553934,
0.8489105044132206,
0.755818912186265,
0.7947325566616773,
0.890178026170903,
0.7203286035835138,
0.8870302223604217,
0.6082674881646037,
0.35457696080565454,
inf,
0.9028161643211277,
0.44916159695255753,
0.4536093758172393,
0.8343988579245631,
0.6716869478718638,
0.6430005249189789,
0.4026730764186223,
0.636305021826923,
0.7248203240712614,
0.5952412164415121,
0.6445535160666703,
0.7186985762853181,
0.4259104666917994,
0.8082676406054806,
0.9266866354574702,
0.2467238903045654,
0.6090625370235688,
0.823816491406076,
0.6584915375554475,
0.7016915581697711,
0.7716289625211904,
0.6845477005075289,
0.786515903018324,
0.22462144245564936,
0.7408034634696977,
0.8538774166207553,
0.8464013250960651,
0.5315110660335689,
0.6258271509612753,
0.5358914625531366,
0.43029069673979126,
0.7222188838727712,
0.8221555244756097,
0.8163093536894033,
0.4676667742255503,
0.584322497501121,
0.24895403974528316,
0.8852377405323515,
0.822986606673924,
0.6895086395290851,
1.029878583650012,
0.6817748399025431,
0.6589003277357393,
0.8633485017615093,
0.6287550204126835,
0.5646728136229822,
0.8659678259920913,
0.33875762195225906,
0.6591390578815342,
0.4335688916230888,
0.5511715768949224,
0.6589244684869007,
0.8202577918002792,
0.7366760266248109,
0.7314833436211944,
0.7302860940906175,
0.38328815425511326,
0.8854522252866638,
0.4383592842746496,
0.5662265780025278,
0.916462179838607,
0.5198295162823915,
0.703153899256808,
0.6035176139221919,
0.7046013983994187,
0.6557939342992267,
0.7862471185412291,
0.9751312702965854,
0.8763249393694102,
0.7590645379759668,
0.6078668532964201,
0.2608984708786011,
0.8401922829472894,
0.7444524787015915,
inf,
0.7823141887411177,
0.7607758596812725,
0.6567781545325417,
0.7489585231840482,
0.5554150876424437,
0.717027437513385,
0.4543353654187809,
0.9306078216399699,
0.8819477022958047,
0.5006794517787516,
0.7162556582471727,
0.5818232332967362,
0.7306776296756884,
0.6911905424277783,
0.5920865546912578,
0.6299178227436721,
0.562288685471326,
0.8588952536396385,
0.8296995093983246,
0.8968379048129056,
0.49532667574853895,
0.8678015018194882,
0.8125959417539116,
0.7403298552765126,
0.7776774181171887,
0.6062725757116079,
0.7463611665870727,
0.8269026915470822,
0.48114470210015775,
0.7524016124683086,
0.6501230848721266,
0.8015036584056794,
0.7683385476937336,
0.9478766270331109,
0.8866573991584514,
0.5899609636011984,
0.8071894488300649,
1.0126376260093777,
0.6808173971477749,
0.25973482421643734,
0.6049063561127541,
0.5127782428910764,
0.8280718352974192,
0.3940350508707291,
0.44469366002634625,
0.7083551615277053,
0.4800402721091021,
0.7261754089823147,
0.8723434811440515,
0.821066864917531,
0.5741836837279511,
0.7706191394253584,
0.7725327351635796,
0.9431917370343537,
0.32397943903868387,
0.48888541740986996,
0.7853524387069525,
0.7117943231284609,
0.6645773670570194,
0.7954377136737208,
0.6225151664921272,
0.6706509258672715,
0.5828789460303134,
0.7303207416258752,
0.9975978098408307,
0.7171501466908334,
0.9079856509358758,
0.5506202181165132,
0.6709859522880078,
0.8998134116427552,
0.6675768787456391,
0.8612673290686347,
0.5878732997117763,
0.6154451026612912,
0.6869440271980315,
0.8511577459531567,
0.583037485852502,
0.8684062932389928,
0.46814146177998694,
0.5991356664250355,
0.8535508825539743,
0.5102019957922665,
0.9117282631278283,
0.8137691835794912,
0.7540559054687619,
0.7931872055773437,
0.7695338549249832,
0.6353315211883506,
0.9070970535451861,
0.5844270695373338,
0.5626890429610387,
0.8684937301077964,
0.6815015295507995,
0.5451312944067717,
0.6586069155582189,
0.9279608718910215,
0.48966625471122266,
0.7173788722986207,
0.7942222292965422,
0.6796433748302754,
0.5422800759823887,
0.8110797704973495,
0.42224232450562577,
0.8245908236739634,
0.7816410901406335,
0.7766231762830486,
0.8508295645958496,
0.518996328017581,
0.7563091676850597,
0.7474655854142904,
0.7489595398240987,
0.6927129528176785,
0.7128074062995732,
0.8065008182705575,
0.8779911902683453,
0.7001814537126559,
0.5164060239024639,
0.7286539757514247,
0.6485061215807103,
0.3899767607443052,
0.5736297385978503,
0.5869596919068469,
0.9674180206020268,
0.6677516698492103,
0.5013710660711902,
0.5743047076004575,
0.6524702095556032,
0.5880648682864607,
0.41618611962263824,
0.7766772834792391,
0.8280361576762844,
0.707010956376934,
0.5580965398954153,
0.873489604723272,
0.8778645381393654,
inf,
0.6794376969337463,
0.4894045473580122,
0.5069837577602554,
0.6291055570858717,
0.5265474495895796,
0.7026299177195133,
0.7107306443564515,
0.5672076358886523,
0.798941311583736,
inf,
0.6656725297071882,
0.6585755994886242,
0.8459095769211237,
0.8135293645340897,
0.6914770321212201,
0.6279256373091621,
0.5149310050708412,
0.7011233342027209,
0.8012684608639434,
0.7157374359425426,
0.6688800795026428,
0.39497829332871665,
0.4711071864350479,
0.8986258681901587,
0.4074973760482401,
0.7563419409736991,
0.7233980597053148,
0.39868729602003095,
0.5767567750062151,
0.7392224148822111,
0.48114470210015775,
0.8068310130722078,
0.43575644614547493,
0.836419343453461,
0.5891171953249814,
0.8811941633073092,
0.5370578689565741,
0.6448404567556778,
0.7870402950430663,
0.8351369338342122,
0.8427660570169179,
0.5431095943770697,
0.580312903795433,
0.838468566610469,
0.3697443597742615,
0.6691566143176386,
0.5414911219920227,
0.5224291444307327,
0.5165300177398273,
0.7667243568737019,
0.5926947503255283,
0.40825171987929343,
0.6330664684750607,
0.5993583056223903,
0.8187254217678279,
0.632721105900927,
0.31360463124404037,
0.7568021199413536,
0.778014066033423,
0.5791261526663687,
0.4730395033835232,
0.4496261922869384,
0.6289328889375101,
0.5381392568082094,
0.35680982163885755,
0.6817250280714034,
0.6111893452522051,
0.8009646462618827,
0.6643137354104002,
0.7720646177347452,
0.6700853224270139,
0.5277368529488865,
0.8328885533230119,
0.729803877965914,
0.5800732743877173,
0.8069807249454511,
0.7296546853178285,
0.8394893083671572,
0.2429851846286693,
0.8244461832671759,
0.7910212125434328,
0.6179513468321561,
0.6289379572752782,
0.8050273783802687,
0.9561478359511156,
0.8810838796406388,
0.8126123915887227,
0.521238369466865,
0.3168543929385295,
0.8783255102340368,
0.6291424758372665,
0.6445418614093418,
0.7436826539873059,
0.8433507345075344,
0.8401399666745861,
0.9314221666281092,
0.7439015661372113,
0.6393852533549532,
0.3930861177499712,
0.8494516713027467,
0.8250998091055971,
0.716408293131406,
0.7770568326168358,
0.7247016541707045,
0.4941472945641041,
0.7295748240368317,
0.8985787425369027,
0.7129060863339896,
0.5739204904553428,
0.6126676648872412,
0.6137411537950515,
0.7034593783736212,
0.5826534901222586,
0.8258658728724197,
0.6118939031061739,
0.7595362953251122,
0.723555152674735,
0.7373827585647186,
0.6188842353892229,
0.7199733937379598,
0.5939660436403569,
0.6254822000145807,
0.8823648681812875,
0.47801769135987754,
0.5839089303765893,
0.7597927195564339,
0.8033188215930065,
0.9743826479922117,
0.9145183860374119,
0.8946663739033929,
0.912583520383404,
0.502729579350793,
0.7190145269929626,
0.7755046675096273,
0.564526969626032,
0.7388639828933831,
0.5048703677049107,
0.48958321422633194,
0.695483355983642,
0.6169247520446721,
0.7609526350814032,
0.5806662100213151,
0.8941317394490135,
0.592001858548008,
0.8507569300090169,
0.5322494031546541,
0.5155248897154544,
0.7662579779688032,
0.5893107672390303,
0.8185296155967058,
0.43223764317594643,
0.5391368076688886,
0.8326908609936375,
0.699031188970843,
0.6641811214496324,
0.7109651295820956,
0.7495411276435577,
0.7554965691134733,
0.6666654680632055,
0.8193572471707732,
0.3195021954390185,
0.6603296518060666,
0.7364660911140889,
0.7643409372578165,
0.573380976052234,
0.6941555808535065,
0.7777522842592772,
0.7015073321777014,
0.8765504842154093,
0.6121462023075,
0.6858577437263408,
0.5379020541964531,
0.7483579782363674,
0.7182335668216602,
0.5241607157621027,
0.4982067375688553,
0.7951246120354197,
0.8799866231493702,
0.7613690274293319,
0.7652877217335553,
0.9150455670150581,
0.29557082202693924,
0.7146331810364195,
0.7636094773153419,
0.7738294518998593,
0.7297606789982766,
0.5586849891348903,
0.6056732750954575,
0.8132973018149315,
0.6857253083200007,
0.8529285309844068,
0.7222188838727712,
0.7725119279085487,
0.5233105362129289,
0.8345040246219274,
0.8921050051562885,
0.6487058996265855,
0.6562294960021973,
0.9277373550533046,
0.6263517140313218,
0.8078737291767121,
0.6889787405390361,
0.6443175495014566,
0.45241283209844874,
0.9030624491471697,
0.5632085530267239,
0.5160828225847837,
0.5723851948778046,
0.5893595660139311,
0.6738040864097558,
0.8218723846088792,
0.7081301340618852,
0.5261322679411216,
0.8549355679123704,
0.7779927475396071,
0.6562824720979846,
0.8759935036325414,
0.8134142018100977,
0.8112243538448335,
0.7262433848314759,
0.48114470210015775,
inf,
0.7519115722303392,
0.5566825557772064,
0.8289101665679931,
0.8672845231904605,
0.7295764766833783,
0.384913611236301,
0.664708786123155,
0.7069520452332525,
0.6763478642913365,
0.6703744750858311,
0.6349510266467482,
0.8206758264353424,
0.5996701808199286,
0.6477003086766294,
0.7735772111495732,
0.8240247581174371,
0.9240606277398467,
0.9262874543164652,
0.6867426155405559,
0.4528175170810089,
0.7966958200381132,
0.439089643114977,
0.6328101692843676,
0.4897367874579131,
0.47932041962699895,
0.7178853579190493,
0.8572446281019352,
0.7287961796913147,
0.8166218446263375,
0.9011353994397113,
0.7926308901927173,
0.7479795060280144,
0.8225060526684721,
0.8933234597088933,
0.42242725636333023,
0.7046013983994187,
0.8569163195332063,
0.3907588208286387,
0.5910998643108013,
0.6002230265135532,
0.9409412029270758,
0.7484029099226096,
0.45070873932618377,
0.7647408654040256,
0.7329087488672258,
0.5145115093921602,
0.4204525539316177,
0.8158045068500233,
0.8743171516236544,
0.8445902922045965,
0.38254696871331784,
0.5783352405528241,
0.6009993400603487,
0.6926897531098475,
0.5757167141500987,
0.9424220846913122,
0.61425995462265,
0.8631321839763643,
0.5570318998185396,
0.8561684015137018,
0.3644796283750791,
0.8120920789717526,
0.8053705761373298,
0.5767774026103649,
0.5358601956218556,
0.6552787699109487,
0.7627790207018688,
0.6374685821997921,
0.8030350333975922,
0.479400090616417,
0.7779773234202153,
0.5450710754215268,
0.8373346144009272,
0.8103797227106838,
0.5465717165300846,
0.6185205327690783,
0.8063327402203381,
0.901754248020529,
0.6497449826850571,
0.6353864167891026,
0.8573845893754989,
0.914465541476583,
0.9013984050512416,
0.8956986112186849,
0.7192603906784625,
0.6699436540853735,
0.8013001791194161,
0.692203501981778,
0.6341240230440794,
0.7749901622115167,
0.8993289470672607,
inf,
0.7611944678670272,
0.5900427494633028,
0.5208735744598657,
0.7637854044669822,
0.4361242928808455,
0.5049233460244962,
0.832889544774624,
0.6320996773611134,
0.3168543929385295,
0.6990188799505234,
0.3853767536155707,
0.7288778056388856,
0.6450402012836933,
0.8258312303553322,
0.5386247635160746,
0.8103565879445941,
0.5936277455471158,
0.6948518210086821,
0.8339244324427254,
inf,
0.7606692949152275,
0.6902460432048692,
0.7661030204787114,
0.65078332408475,
0.8241260604047559,
0.7803993360006891,
0.7451137747518504,
inf,
0.8518034515416623,
0.9210736783905029,
0.7214988733830294,
0.48114470210015775,
0.801877511658242,
0.6868244412099119,
0.5983605362418402,
0.6532217753426737,
0.8711218225215841,
0.6562294960021973,
0.8106929559763169,
0.6390893817257843,
0.7406923319906933,
0.7332629290811339,
0.7007736602677079,
0.5325661448490273,
0.6652142592737409,
0.46020251542878715,
0.6456331745423576,
0.19102402983248234,
0.8804891985303849,
0.7609997414232282,
0.8364208280720375,
0.8243637252989309,
0.8722682743667273,
0.538992023968153,
0.7258546024267897,
0.5337931424152244,
0.5874473730887603,
0.8583750305534078,
0.49581524688683226,
0.8305246142175068,
0.7402556961955923,
inf,
0.8336364369039206,
0.7590750837087631,
0.8575277897645033,
0.6710794976260948,
0.762648818306346,
0.7441543003310537,
0.7929504760310052,
0.8283446157867168,
0.37444114629168423,
0.8217130746582985,
0.5711188191802301,
0.4685143289203358,
0.6421267206579765,
0.7509220463267705,
0.6424805421844466,
0.7620791507128771,
0.7932693904381882,
0.8116533756543984,
0.8799255067836675,
0.46926050434905275,
0.7413751143883321,
0.7890330342673385,
0.48356749702485596,
0.8423219497498273,
0.722753095447366,
0.8455836537133182,
0.8476842784242524,
0.740016308481631,
0.7313678204908609,
0.8629194747156675,
0.6067357657179833,
0.6560864127551252,
0.8828524969956513,
0.7323326594255122,
0.9041598203747498,
0.6646515447812611,
0.5716736270372512,
0.8295878420423081,
0.6478660650206309,
0.7005083368011371,
0.701823610945034,
0.47643804153279434,
0.7841844787860386,
0.8631662487668992,
0.5583117309325744,
0.6602174101685663,
0.7322111342855813,
0.8460800540689065,
0.8579127348284037,
0.4803431954536199,
0.6374059255128589,
0.8954033072380133,
0.6881413388376066,
0.8776602396902025,
0.674516709005339,
0.5787674996042179,
0.8551217985896308,
0.7414391290369033,
0.8314648611614313,
0.9159122265642741,
0.405236117087336,
0.601817416035092,
0.5766509563137865,
inf,
0.8155330886507125,
0.5638640546307376,
0.49089062027935637,
0.696621081605196,
0.478188742525235,
0.855867650407239,
0.6587853345809033,
0.9169512055000761,
0.4892935718749464,
0.8104800216317983,
0.8203774342835987,
0.8929599281689902,
0.7544277496800184,
0.5632679649438884,
0.8668483236860618,
0.8542129813228491,
0.7197576550053211,
0.8082986268809109,
0.7318424773585352,
0.5494928149101387,
0.5813507317128778,
0.6398105044574081,
0.8138263946463716,
0.8086517666467427,
0.8310234447277658,
0.7780109085868081,
0.9338155978782418,
0.6406343053504989,
0.6305566549624204,
0.7449448660368579,
0.8258312303553326,
0.6599934833261981,
0.8158310378518279,
0.6936900034343071,
0.958558181874618,
0.9154752583102017,
0.6315115587544486,
0.5156391393802118,
0.5719620401805383,
0.7089837348710059,
0.733358146477061,
0.7776852756985289,
0.5653788642268888,
0.45767037255632875,
0.7997988465590822,
0.7644836768157482,
0.6210883215290045,
0.4823103856895685,
0.5408385999682492,
0.7472174289397954,
0.630301361730934,
0.6130818205501505,
0.8369108826679769,
0.7546985671455596,
0.6989585587916687,
0.8229026377241314,
0.8206797961830139,
0.426240899553895,
0.8622825600769132,
0.6651957763860662,
0.9212516254537405,
0.4174962890185118,
0.7811663747661773,
0.8427099356981156,
0.7068083692631365,
0.6042830940189964,
0.9614161065027992,
0.6693185716839877,
0.7020170735146972,
0.7911842332970318,
0.578249620219077,
0.9265221293187857,
0.7019630754829692,
0.7809656242364643,
0.772584490594729,
0.8683180184259682,
0.6217863411077388,
0.7819055112808942,
0.7310159597705602,
0.7056414061860086,
0.8678043207299199,
0.6691322784647946,
0.7261318025424511,
0.5947983415019016,
0.7893077198091292,
0.7721724782821875,
0.431394258058509,
0.5603422605418964,
0.4286959252387306,
0.977276655526379,
0.86058946088386,
0.8766373826050169,
0.7263675522105593,
0.6867426155405559,
0.3436237129506922,
0.8249620244458641,
0.8312299511016918,
0.5332019279503631,
0.7459585650972171,
0.5877287642922551,
0.6501669667427337,
0.7212998201204339,
0.5635289951094374,
0.7569840845522396,
0.8332606690292714,
0.7485482006702022,
0.7733355143709091,
0.7480668475703424,
0.862934274305241,
0.7572239633062334,
0.594885400200902,
0.5571196464986636,
0.5002168015072903,
0.6149306818288055,
0.8246850245115637,
0.7149495172586142,
0.9074254153094937,
0.607830792217517,
0.807304482749094,
0.7969217727676147,
0.7986479555975675,
0.6755523085594177,
0.8268272760261253,
0.3952340792557717,
0.8573848571698617,
inf,
0.7392489914720298,
0.5276618670768738,
0.9230964261390567,
0.40264497520912834,
0.9325402038264872,
inf,
0.9170464599432969,
0.8362872574477069,
0.7168301173642814,
0.5171931520593166,
inf,
0.7276583092435837,
0.5302720770271301,
0.7403902288319886,
0.9612371744888053,
0.8166154408473596,
0.4423199082713604,
0.48114470210015775,
0.9625621350850526,
0.7371501897916979,
0.7381383491342067,
0.9262878981978876,
0.840280071782477,
0.7304681886139948,
0.7148843949049294,
0.7766772834792391,
0.599231922244722,
0.8690613999862853,
0.6198212570867583,
0.6873179222381115,
0.6361447043309808,
0.5158248163160801,
0.7930387834396958,
0.8809267741401313,
0.8323201142054163,
0.6045461409471317,
0.611926805159366,
0.3470034363708667,
0.6480351675309627,
0.8304596641005161,
0.43415055934936997,
0.6990926103077999,
0.7470605178614259,
0.8196165456953195,
0.629576677020841,
0.6567118722059464,
0.6212568272853494,
0.7496722812978234,
inf,
inf,
0.9275797088101804,
0.5618982312047481,
0.5336450554111629,
0.8670079311853717,
0.5378252800921333,
0.5182520864031315,
0.8743122498614364,
0.5809879553407002,
0.5642522751164037,
0.9983113691272542,
0.7674786601294655,
0.38204691352307796,
0.8098291180309791,
0.796077764936535,
0.43140160467729644,
0.7435267592569058,
0.7549635130077839,
0.7014345609036263,
0.9324076367275395,
0.8244190382322986,
0.5071833635347187,
0.8760293024848459,
0.6026526738295306,
0.8388545363278316,
0.5939793780934685,
0.809951956096693,
0.4979492418771386,
0.7824353337607532,
0.7726531442844219,
0.7387315771671431,
0.519609974288407,
0.8508633188336374,
0.9737474112108236,
0.7873990440571808,
0.7689877146839045,
0.5762832554941176,
0.7622007096317052,
0.7947158000805342,
0.6076944917757038,
0.6459604334680821,
0.8011291015914237,
0.4057179793381691,
0.7824579467041689,
0.6355865736055389,
0.48114470210015775,
0.75333846300686,
0.5765453463336858,
0.813937630367431,
0.7145493208239555,
0.6470849659455413,
0.6419782501730068,
0.6817453510644701,
0.7066677460134333,
0.7116951255843521,
0.3822952830827688,
0.7270607860871127,
0.6496496065848323,
0.6006941741410509,
0.43122502718181605,
0.5841146872477145,
0.5996207308356267,
0.8860214293160785,
0.8179038012741271,
0.6832271436203956,
1.0239901227948822,
0.8914625017692913,
0.7976889138793258,
0.7132885699845535,
0.8519699947442078,
0.5166709307155325,
0.7506774627438488,
0.5667337991387512,
0.8874358689951032,
0.7563495963799893,
0.6290874580976022,
0.7361894063981921,
0.5929546538314819,
0.7328687207727441,
0.7641743932065482,
0.7281952041327308,
0.544091647542795,
0.5236204702155152,
0.8282987478244426,
0.7835158509583363,
0.5969518297371152,
0.5041236576955056,
0.7071001612993476,
0.8575024544380073,
0.7871855865675211,
0.5209595904771712,
0.5188642986298801,
0.7568965854347944,
0.5324968862558345,
0.8283057235043487,
0.718841520505648,
0.8715709562957891,
0.8969145006247827,
0.839060727766818,
0.7506440646607786,
0.8176302656804169,
0.8617801574821166,
0.8611594402327062,
0.4942478722499878,
0.6386475611162167,
0.526404917543308,
0.7327014705500504,
0.6078671301659345,
0.7349540891625367,
0.9469919362702789,
0.5232944234172822,
0.5777721420602131,
0.8357031884377053,
0.8454455360617045,
0.5784069421812893,
0.7021159332000729,
0.5676036254643455
]