all_diversities = 
[
0.75,
0.7647058823529411,
0.6666666666666667,
0.8085106382978724,
0.7142857142857143,
0.7222222222222222,
0.7058823529411764,
0.75,
0.75,
0.6829268292682926,
0.7714285714285715,
0.7317073170731707,
0.7142857142857143,
0.641025641025641,
0.6176470588235294,
0.7317073170731707,
0.7674418604651163,
0.8095238095238095,
0.7291666666666667,
0.7777777777777778,
0.7435897435897436,
0.8048780487804879,
0.33333333333333337,
0.7903225806451613,
0.6829268292682926,
0.7906976744186046,
0.6808510638297872,
0.696969696969697,
0.6129032258064516,
0.7297297297297297,
0.6875,
0.75,
0.7804878048780488,
0.725,
0.7083333333333333,
0.6857142857142857,
0.6785714285714286,
0.7727272727272727,
0.75,
0.33333333333333337,
0.7727272727272727,
0.7567567567567568,
0.7105263157894737,
0.33333333333333337,
0.7317073170731707,
0.7608695652173914,
0.7297297297297297,
0.7777777777777778,
0.7291666666666667,
0.725
]