all_diversities = 
[
0.11282051282051282,
0.12060301507537688,
0.11038961038961038,
0.1164021164021164,
0.12272727272727273,
0.12916666666666668,
0.11219512195121951,
0.11282051282051282,
0.11917098445595854,
0.11794871794871795,
0.11170212765957446,
0.13333333333333333,
0.12440191387559808,
0.11170212765957446,
0.11707317073170732,
0.11398963730569948,
0.12083333333333333,
0.10256410256410256,
0.11707317073170732,
0.11458333333333333,
0.12385321100917432,
0.1073170731707317,
0.07352941176470588,
0.10857142857142857,
0.12916666666666668,
0.12272727272727273,
0.1165644171779141,
0.11797752808988764,
0.12083333333333333,
0.050761421319796954,
0.03389830508474576,
0.09009009009009009,
0.13333333333333333,
0.14186851211072665,
0.12549019607843137,
0.1076923076923077,
0.09,
0.11855670103092783,
0.1111111111111111,
0.10326086956521739,
0.1111111111111111,
0.03389830508474576,
0.03389830508474576,
0.05,
0.11374407582938388,
0.1130952380952381,
0.12385321100917432,
0.11173184357541899,
0.11794871794871795,
0.11282051282051282,
0.1522491349480969,
0.1076923076923077,
0.08,
0.14186851211072665,
0.1522491349480969,
0.11737089201877934,
0.11794871794871795,
0.11891891891891893,
0.11707317073170732,
0.10303030303030303,
0.13725490196078433,
0.14186851211072665,
0.12916666666666668,
0.1384083044982699,
0.10674157303370786,
0.11046511627906977,
0.11616161616161616,
0.12916666666666668,
0.12727272727272726,
0.125,
0.1267605633802817,
0.11616161616161616,
0.12941176470588237,
0.1384083044982699,
0.125,
0.10857142857142857,
0.10810810810810811,
0.13494809688581316,
0.1111111111111111,
0.10483870967741936,
0.11734693877551021,
0.1076923076923077,
0.11794871794871795,
0.09,
0.03389830508474576,
0.0989010989010989,
0.12272727272727273,
0.11794871794871795,
0.12941176470588237,
0.11707317073170732,
0.125,
0.125,
0.13725490196078433,
0.12916666666666668,
0.11602209944751381,
0.13333333333333333,
0.11229946524064172,
0.11219512195121951,
0.125,
0.11004784688995216
]